0.5 1.189882e+04 1.193122e+04 1.195252e+04 1.192012e+04
1.5 1.194747e+04 1.191133e+04 1.193228e+04 1.196842e+04
2.5 1.198707e+04 1.190404e+04 1.191694e+04 1.199997e+04
3.5 1.199047e+04 1.192069e+04 1.192505e+04 1.199483e+04
4.5 1.196303e+04 1.194119e+04 1.194165e+04 1.196349e+04
5.5 1.194157e+04 1.195301e+04 1.195354e+04 1.194210e+04
6.5 1.192846e+04 1.195681e+04 1.195956e+04 1.193121e+04
7.5 1.195023e+04 1.195591e+04 1.196174e+04 1.195607e+04
8.5 1.191858e+04 1.195272e+04 1.196177e+04 1.192763e+04
9.5 1.185306e+04 1.194889e+04 1.196090e+04 1.186507e+04
10.5 1.184605e+04 1.195097e+04 1.196559e+04 1.186067e+04
11.5 1.186503e+04 1.196509e+04 1.198498e+04 1.188492e+04
12.5 1.190851e+04 1.196726e+04 1.199979e+04 1.194105e+04
13.5 1.189368e+04 1.194596e+04 1.199139e+04 1.193911e+04
14.5 1.188850e+04 1.192116e+04 1.197464e+04 1.194198e+04
15.5 1.193099e+04 1.190529e+04 1.196269e+04 1.198839e+04
16.5 1.194743e+04 1.189762e+04 1.195663e+04 1.200644e+04
17.5 1.192002e+04 1.189484e+04 1.195442e+04 1.197960e+04
18.5 1.188894e+04 1.189449e+04 1.195437e+04 1.194881e+04
19.5 1.189656e+04 1.189501e+04 1.195528e+04 1.195683e+04
20.5 1.194559e+04 1.189646e+04 1.195634e+04 1.200547e+04
21.5 1.200861e+04 1.192743e+04 1.195716e+04 1.203834e+04
22.5 1.207613e+04 1.202834e+04 1.195767e+04 1.200545e+04
23.5 1.215868e+04 1.212958e+04 1.195794e+04 1.198704e+04
24.5 1.222107e+04 1.218560e+04 1.195807e+04 1.199353e+04
25.5 1.233007e+04 1.220457e+04 1.195813e+04 1.208363e+04
26.5 1.239543e+04 1.220367e+04 1.195815e+04 1.214992e+04
27.5 1.230650e+04 1.219443e+04 1.195817e+04 1.207024e+04
0.5 1.178736e+04 1.187294e+04 1.195243e+04 1.186685e+04
1.5 1.188540e+04 1.185857e+04 1.193223e+04 1.195906e+04
2.5 1.186751e+04 1.185518e+04 1.191691e+04 1.192924e+04
3.5 1.184149e+04 1.187483e+04 1.192505e+04 1.189170e+04
4.5 1.182841e+04 1.189787e+04 1.194168e+04 1.187221e+04
5.5 1.189610e+04 1.191199e+04 1.195358e+04 1.193769e+04
6.5 1.200181e+04 1.191797e+04 1.195963e+04 1.204347e+04
7.5 1.196671e+04 1.191915e+04 1.196184e+04 1.200941e+04
8.5 1.188089e+04 1.191796e+04 1.196190e+04 1.192482e+04
9.5 1.184810e+04 1.191606e+04 1.196104e+04 1.189308e+04
10.5 1.190988e+04 1.191999e+04 1.196574e+04 1.195563e+04
11.5 1.192694e+04 1.193589e+04 1.198513e+04 1.197618e+04
12.5 1.196500e+04 1.193977e+04 1.199995e+04 1.202518e+04
13.5 1.198772e+04 1.192012e+04 1.199155e+04 1.205914e+04
14.5 1.189119e+04 1.189689e+04 1.197480e+04 1.196909e+04
15.5 1.183788e+04 1.188253e+04 1.196284e+04 1.191819e+04
16.5 1.183148e+04 1.187630e+04 1.195677e+04 1.191196e+04
17.5 1.188801e+04 1.187488e+04 1.195455e+04 1.196768e+04
18.5 1.191729e+04 1.187585e+04 1.195450e+04 1.199594e+04
19.5 1.195520e+04 1.187760e+04 1.195540e+04 1.203299e+04
20.5 1.194640e+04 1.188024e+04 1.195646e+04 1.202261e+04
21.5 1.190443e+04 1.191233e+04 1.195727e+04 1.194937e+04
22.5 1.192922e+04 1.201431e+04 1.195778e+04 1.187269e+04
23.5 1.207789e+04 1.211655e+04 1.195804e+04 1.191938e+04
24.5 1.221220e+04 1.217352e+04 1.195817e+04 1.199685e+04
25.5 1.227155e+04 1.219337e+04 1.195823e+04 1.203640e+04
26.5 1.224910e+04 1.219329e+04 1.195825e+04 1.201405e+04
27.5 1.228007e+04 1.218482e+04 1.195826e+04 1.205351e+04
0.5 1.161565e+04 1.186960e+04 1.195245e+04 1.169851e+04
1.5 1.168026e+04 1.185551e+04 1.193225e+04 1.175699e+04
2.5 1.176803e+04 1.185239e+04 1.191693e+04 1.183257e+04
3.5 1.183031e+04 1.187229e+04 1.192506e+04 1.188309e+04
4.5 1.185713e+04 1.189556e+04 1.194169e+04 1.190327e+04
5.5 1.189961e+04 1.190989e+04 1.195360e+04 1.194332e+04
6.5 1.193083e+04 1.191606e+04 1.195965e+04 1.197442e+04
7.5 1.195699e+04 1.191742e+04 1.196187e+04 1.200144e+04
8.5 1.201585e+04 1.191640e+04 1.196193e+04 1.206138e+04
9.5 1.197087e+04 1.191464e+04 1.196107e+04 1.201730e+04
10.5 1.193164e+04 1.191870e+04 1.196577e+04 1.197871e+04
11.5 1.191971e+04 1.193472e+04 1.198516e+04 1.197015e+04
12.5 1.194872e+04 1.193870e+04 1.199997e+04 1.200999e+04
13.5 1.200389e+04 1.191915e+04 1.199157e+04 1.207630e+04
14.5 1.206163e+04 1.189601e+04 1.197481e+04 1.214043e+04
15.5 1.210274e+04 1.188173e+04 1.196285e+04 1.218386e+04
16.5 1.209562e+04 1.187558e+04 1.195679e+04 1.217684e+04
17.5 1.207364e+04 1.187423e+04 1.195456e+04 1.215398e+04
18.5 1.201617e+04 1.187527e+04 1.195451e+04 1.209541e+04
19.5 1.195334e+04 1.187712e+04 1.195541e+04 1.203163e+04
20.5 1.195977e+04 1.187984e+04 1.195646e+04 1.203639e+04
21.5 1.203242e+04 1.191202e+04 1.195728e+04 1.207768e+04
22.5 1.211675e+04 1.201407e+04 1.195778e+04 1.206047e+04
23.5 1.220828e+04 1.211637e+04 1.195805e+04 1.204996e+04
24.5 1.238784e+04 1.217340e+04 1.195818e+04 1.217262e+04
25.5 1.241138e+04 1.219330e+04 1.195823e+04 1.217631e+04
26.5 1.241295e+04 1.219327e+04 1.195825e+04 1.217793e+04
27.5 1.227802e+04 1.218483e+04 1.195826e+04 1.205145e+04
0.5 1.168447e+04 1.186960e+04 1.195245e+04 1.176732e+04
1.5 1.167348e+04 1.185551e+04 1.193225e+04 1.175021e+04
2.5 1.165112e+04 1.185239e+04 1.191693e+04 1.171566e+04
3.5 1.167843e+04 1.187229e+04 1.192506e+04 1.173120e+04
4.5 1.177205e+04 1.189556e+04 1.194170e+04 1.181819e+04
5.5 1.185772e+04 1.190988e+04 1.195360e+04 1.190145e+04
6.5 1.188844e+04 1.191603e+04 1.195965e+04 1.193206e+04
7.5 1.193499e+04 1.191736e+04 1.196186e+04 1.197949e+04
8.5 1.199106e+04 1.191632e+04 1.196191e+04 1.203665e+04
9.5 1.200544e+04 1.191454e+04 1.196105e+04 1.205195e+04
10.5 1.199762e+04 1.191858e+04 1.196574e+04 1.204478e+04
11.5 1.199211e+04 1.193458e+04 1.198513e+04 1.204266e+04
12.5 1.204012e+04 1.193854e+04 1.199994e+04 1.210153e+04
13.5 1.201953e+04 1.191896e+04 1.199154e+04 1.209211e+04
14.5 1.195541e+04 1.189579e+04 1.197478e+04 1.203440e+04
15.5 1.190833e+04 1.188148e+04 1.196282e+04 1.198968e+04
16.5 1.188532e+04 1.187529e+04 1.195675e+04 1.196679e+04
17.5 1.186806e+04 1.187390e+04 1.195453e+04 1.194869e+04
18.5 1.192283e+04 1.187490e+04 1.195448e+04 1.200241e+04
19.5 1.205526e+04 1.187669e+04 1.195538e+04 1.213395e+04
20.5 1.210772e+04 1.187935e+04 1.195643e+04 1.218480e+04
21.5 1.209483e+04 1.191145e+04 1.195724e+04 1.214063e+04
22.5 1.209913e+04 1.201342e+04 1.195774e+04 1.204346e+04
23.5 1.210779e+04 1.211563e+04 1.195801e+04 1.195016e+04
24.5 1.223136e+04 1.217256e+04 1.195813e+04 1.201693e+04
25.5 1.227978e+04 1.219235e+04 1.195817e+04 1.204560e+04
26.5 1.218120e+04 1.219221e+04 1.195819e+04 1.194718e+04
27.5 1.199891e+04 1.218367e+04 1.195819e+04 1.177343e+04
0.5 1.184741e+04 1.186655e+04 1.195227e+04 1.193313e+04
1.5 1.188548e+04 1.185218e+04 1.193205e+04 1.196534e+04
2.5 1.191680e+04 1.184876e+04 1.191671e+04 1.198476e+04
3.5 1.192620e+04 1.186833e+04 1.192483e+04 1.198270e+04
4.5 1.197296e+04 1.189124e+04 1.194144e+04 1.202316e+04
5.5 1.210242e+04 1.190519e+04 1.195333e+04 1.215056e+04
6.5 1.210801e+04 1.191095e+04 1.195935e+04 1.215641e+04
7.5 1.206663e+04 1.191187e+04 1.196153e+04 1.211630e+04
8.5 1.204282e+04 1.191038e+04 1.196156e+04 1.209400e+04
9.5 1.200622e+04 1.190812e+04 1.196067e+04 1.205876e+04
10.5 1.195766e+04 1.191167e+04 1.196533e+04 1.201132e+04
11.5 1.186770e+04 1.192713e+04 1.198469e+04 1.192526e+04
12.5 1.183404e+04 1.193054e+04 1.199948e+04 1.190298e+04
13.5 1.186802e+04 1.191037e+04 1.199104e+04 1.194868e+04
14.5 1.188658e+04 1.188658e+04 1.197425e+04 1.197425e+04
15.5 1.194947e+04 1.187162e+04 1.196226e+04 1.204012e+04
16.5 1.202077e+04 1.186475e+04 1.195616e+04 1.211219e+04
17.5 1.202567e+04 1.186265e+04 1.195391e+04 1.211692e+04
18.5 1.195656e+04 1.186288e+04 1.195382e+04 1.204750e+04
19.5 1.196197e+04 1.186385e+04 1.195469e+04 1.205282e+04
20.5 1.201546e+04 1.186563e+04 1.195571e+04 1.210554e+04
21.5 1.195968e+04 1.189683e+04 1.195648e+04 1.201934e+04
22.5 1.192667e+04 1.199786e+04 1.195695e+04 1.188576e+04
23.5 1.188627e+04 1.209913e+04 1.195717e+04 1.174431e+04
24.5 1.189591e+04 1.215509e+04 1.195726e+04 1.169807e+04
25.5 1.213827e+04 1.217391e+04 1.195727e+04 1.192163e+04
26.5 1.230513e+04 1.217279e+04 1.195725e+04 1.208959e+04
27.5 1.235277e+04 1.216328e+04 1.195722e+04 1.214671e+04
