0.5 1.194559e+04 1.189646e+04 1.190609e+04 1.195523e+04
1.5 1.200861e+04 1.192743e+04 1.193306e+04 1.201424e+04
2.5 1.207613e+04 1.202834e+04 1.203114e+04 1.207893e+04
3.5 1.215868e+04 1.212958e+04 1.213315e+04 1.216225e+04
4.5 1.222107e+04 1.218560e+04 1.219130e+04 1.222676e+04
5.5 1.233007e+04 1.220457e+04 1.221182e+04 1.233732e+04
6.5 1.239543e+04 1.220367e+04 1.221170e+04 1.240346e+04
7.5 1.230650e+04 1.219443e+04 1.220272e+04 1.231480e+04
8.5 1.221464e+04 1.218362e+04 1.219188e+04 1.222290e+04
9.5 1.217276e+04 1.217466e+04 1.218277e+04 1.218087e+04
10.5 1.223245e+04 1.216752e+04 1.217626e+04 1.224118e+04
11.5 1.227087e+04 1.213285e+04 1.214425e+04 1.228227e+04
12.5 1.220206e+04 1.202941e+04 1.204282e+04 1.221547e+04
13.5 1.201423e+04 1.192626e+04 1.193846e+04 1.202643e+04
14.5 1.185015e+04 1.186864e+04 1.187849e+04 1.186000e+04
15.5 1.178824e+04 1.184826e+04 1.185642e+04 1.179639e+04
16.5 1.171610e+04 1.184787e+04 1.185517e+04 1.172339e+04
17.5 1.164746e+04 1.185592e+04 1.186289e+04 1.165442e+04
18.5 1.163467e+04 1.186563e+04 1.187257e+04 1.164161e+04
19.5 1.165376e+04 1.187350e+04 1.188060e+04 1.166086e+04
20.5 1.178736e+04 1.187294e+04 1.188590e+04 1.180031e+04
21.5 1.188540e+04 1.185857e+04 1.188881e+04 1.191564e+04
22.5 1.186751e+04 1.185518e+04 1.189015e+04 1.190248e+04
23.5 1.184149e+04 1.187483e+04 1.189063e+04 1.185728e+04
24.5 1.182841e+04 1.189787e+04 1.189070e+04 1.182124e+04
25.5 1.189610e+04 1.191199e+04 1.189060e+04 1.187471e+04
26.5 1.200181e+04 1.191797e+04 1.189045e+04 1.197430e+04
27.5 1.196671e+04 1.191915e+04 1.189028e+04 1.193785e+04
0.5 1.194640e+04 1.188024e+04 1.188918e+04 1.195534e+04
1.5 1.190443e+04 1.191233e+04 1.191731e+04 1.190940e+04
2.5 1.192922e+04 1.201431e+04 1.201649e+04 1.193140e+04
3.5 1.207789e+04 1.211655e+04 1.211953e+04 1.208087e+04
4.5 1.221220e+04 1.217352e+04 1.217866e+04 1.221735e+04
5.5 1.227155e+04 1.219337e+04 1.220011e+04 1.227828e+04
6.5 1.224910e+04 1.219329e+04 1.220084e+04 1.225665e+04
7.5 1.228007e+04 1.218482e+04 1.219266e+04 1.228791e+04
8.5 1.233844e+04 1.217471e+04 1.218256e+04 1.234629e+04
9.5 1.232578e+04 1.216642e+04 1.217414e+04 1.233351e+04
10.5 1.224674e+04 1.215989e+04 1.216827e+04 1.225511e+04
11.5 1.215225e+04 1.212579e+04 1.213686e+04 1.216332e+04
12.5 1.213942e+04 1.202289e+04 1.203600e+04 1.215254e+04
13.5 1.213271e+04 1.192024e+04 1.193216e+04 1.214464e+04
14.5 1.196082e+04 1.186309e+04 1.187268e+04 1.197041e+04
15.5 1.177500e+04 1.184315e+04 1.185107e+04 1.178291e+04
16.5 1.170778e+04 1.184316e+04 1.185024e+04 1.171486e+04
17.5 1.171477e+04 1.185159e+04 1.185836e+04 1.172154e+04
18.5 1.167560e+04 1.186165e+04 1.186841e+04 1.168237e+04
19.5 1.164167e+04 1.186985e+04 1.187679e+04 1.164861e+04
20.5 1.161565e+04 1.186960e+04 1.188240e+04 1.162846e+04
21.5 1.168026e+04 1.185551e+04 1.188561e+04 1.171036e+04
22.5 1.176803e+04 1.185239e+04 1.188723e+04 1.180287e+04
23.5 1.183031e+04 1.187229e+04 1.188796e+04 1.184598e+04
24.5 1.185713e+04 1.189556e+04 1.188827e+04 1.184984e+04
25.5 1.189961e+04 1.190989e+04 1.188839e+04 1.187811e+04
26.5 1.193083e+04 1.191606e+04 1.188843e+04 1.190320e+04
27.5 1.195699e+04 1.191742e+04 1.188844e+04 1.192801e+04
0.5 1.195977e+04 1.187984e+04 1.188876e+04 1.196869e+04
1.5 1.203242e+04 1.191202e+04 1.191698e+04 1.203737e+04
2.5 1.211675e+04 1.201407e+04 1.201623e+04 1.211891e+04
3.5 1.220828e+04 1.211637e+04 1.211934e+04 1.221125e+04
4.5 1.238784e+04 1.217340e+04 1.217853e+04 1.239297e+04
5.5 1.241138e+04 1.219330e+04 1.220003e+04 1.241811e+04
6.5 1.241295e+04 1.219327e+04 1.220082e+04 1.242050e+04
7.5 1.227802e+04 1.218483e+04 1.219268e+04 1.228587e+04
8.5 1.219696e+04 1.217475e+04 1.218259e+04 1.220481e+04
9.5 1.214539e+04 1.216646e+04 1.217418e+04 1.215312e+04
10.5 1.201016e+04 1.215993e+04 1.216830e+04 1.201854e+04
11.5 1.178738e+04 1.212581e+04 1.213688e+04 1.179845e+04
12.5 1.172874e+04 1.202290e+04 1.203601e+04 1.174185e+04
13.5 1.165601e+04 1.192025e+04 1.193217e+04 1.166794e+04
14.5 1.162251e+04 1.186310e+04 1.187268e+04 1.163209e+04
15.5 1.169422e+04 1.184315e+04 1.185107e+04 1.170214e+04
16.5 1.166208e+04 1.184316e+04 1.185024e+04 1.166916e+04
17.5 1.160450e+04 1.185159e+04 1.185836e+04 1.161127e+04
18.5 1.160376e+04 1.186165e+04 1.186841e+04 1.161053e+04
19.5 1.165265e+04 1.186985e+04 1.187679e+04 1.165959e+04
20.5 1.168447e+04 1.186960e+04 1.188240e+04 1.169728e+04
21.5 1.167348e+04 1.185551e+04 1.188561e+04 1.170358e+04
22.5 1.165112e+04 1.185239e+04 1.188723e+04 1.168596e+04
23.5 1.167843e+04 1.187229e+04 1.188796e+04 1.169410e+04
24.5 1.177205e+04 1.189556e+04 1.188827e+04 1.176476e+04
25.5 1.185772e+04 1.190988e+04 1.188837e+04 1.183622e+04
26.5 1.188844e+04 1.191603e+04 1.188840e+04 1.186082e+04
27.5 1.193499e+04 1.191736e+04 1.188840e+04 1.190603e+04
0.5 1.210772e+04 1.187935e+04 1.188821e+04 1.211658e+04
1.5 1.209483e+04 1.191145e+04 1.191635e+04 1.209973e+04
2.5 1.209913e+04 1.201342e+04 1.201552e+04 1.210123e+04
3.5 1.210779e+04 1.211563e+04 1.211853e+04 1.211069e+04
4.5 1.223136e+04 1.217256e+04 1.217761e+04 1.223642e+04
5.5 1.227978e+04 1.219235e+04 1.219900e+04 1.228642e+04
6.5 1.218120e+04 1.219221e+04 1.219966e+04 1.218865e+04
7.5 1.199891e+04 1.218367e+04 1.219141e+04 1.200665e+04
8.5 1.188266e+04 1.217350e+04 1.218122e+04 1.189039e+04
9.5 1.188926e+04 1.216511e+04 1.217271e+04 1.189685e+04
10.5 1.193054e+04 1.215850e+04 1.216673e+04 1.193877e+04
11.5 1.196933e+04 1.212429e+04 1.213520e+04 1.198024e+04
12.5 1.204054e+04 1.202127e+04 1.203421e+04 1.205348e+04
13.5 1.200334e+04 1.191850e+04 1.193023e+04 1.201507e+04
14.5 1.192737e+04 1.186123e+04 1.187060e+04 1.193674e+04
15.5 1.189377e+04 1.184115e+04 1.184883e+04 1.190145e+04
16.5 1.180771e+04 1.184101e+04 1.184782e+04 1.181452e+04
17.5 1.172609e+04 1.184925e+04 1.185574e+04 1.173258e+04
18.5 1.176921e+04 1.185910e+04 1.186556e+04 1.177566e+04
19.5 1.177244e+04 1.186707e+04 1.187367e+04 1.177904e+04
20.5 1.184741e+04 1.186655e+04 1.187898e+04 1.185984e+04
21.5 1.188548e+04 1.185218e+04 1.188187e+04 1.191517e+04
22.5 1.191680e+04 1.184876e+04 1.188315e+04 1.195119e+04
23.5 1.192620e+04 1.186833e+04 1.188351e+04 1.194138e+04
24.5 1.197296e+04 1.189124e+04 1.188342e+04 1.196514e+04
25.5 1.210242e+04 1.190519e+04 1.188311e+04 1.208035e+04
26.5 1.210801e+04 1.191095e+04 1.188270e+04 1.207976e+04
27.5 1.206663e+04 1.191187e+04 1.188223e+04 1.203699e+04
0.5 1.201546e+04 1.186563e+04 1.187250e+04 1.202233e+04
1.5 1.195968e+04 1.189683e+04 1.189958e+04 1.196243e+04
2.5 1.192667e+04 1.199786e+04 1.199765e+04 1.192646e+04
3.5 1.188627e+04 1.209913e+04 1.209954e+04 1.188668e+04
4.5 1.189591e+04 1.215509e+04 1.215748e+04 1.189829e+04
5.5 1.213827e+04 1.217391e+04 1.217769e+04 1.214205e+04
6.5 1.230513e+04 1.217279e+04 1.217717e+04 1.230951e+04
7.5 1.235277e+04 1.216328e+04 1.216773e+04 1.235723e+04
8.5 1.230283e+04 1.215219e+04 1.215641e+04 1.230705e+04
9.5 1.219636e+04 1.214297e+04 1.214682e+04 1.220021e+04
10.5 1.203644e+04 1.213556e+04 1.213981e+04 1.204068e+04
11.5 1.187163e+04 1.210061e+04 1.210729e+04 1.187831e+04
12.5 1.175331e+04 1.199688e+04 1.200532e+04 1.176175e+04
13.5 1.173377e+04 1.189344e+04 1.190041e+04 1.174074e+04
14.5 1.170625e+04 1.183554e+04 1.183986e+04 1.171058e+04
15.5 1.172698e+04 1.181488e+04 1.181722e+04 1.172933e+04
16.5 1.183142e+04 1.181423e+04 1.181541e+04 1.183260e+04
17.5 1.190932e+04 1.182206e+04 1.182257e+04 1.190984e+04
18.5 1.193251e+04 1.183159e+04 1.183173e+04 1.193264e+04
