0.5 1.262877e+04 1.263543e+04 1.273132e+04 1.272467e+04
1.5 1.273035e+04 1.262959e+04 1.269687e+04 1.279764e+04
2.5 1.280859e+04 1.270962e+04 1.267075e+04 1.276972e+04
3.5 1.287714e+04 1.283390e+04 1.268456e+04 1.272780e+04
4.5 1.294841e+04 1.292489e+04 1.271283e+04 1.273635e+04
5.5 1.295319e+04 1.296688e+04 1.273306e+04 1.271936e+04
6.5 1.299157e+04 1.297644e+04 1.274330e+04 1.275844e+04
7.5 1.304065e+04 1.296988e+04 1.274703e+04 1.281780e+04
8.5 1.294123e+04 1.295768e+04 1.274708e+04 1.273063e+04
9.5 1.286264e+04 1.294587e+04 1.274559e+04 1.266236e+04
10.5 1.285311e+04 1.294639e+04 1.275357e+04 1.266030e+04
11.5 1.295051e+04 1.294416e+04 1.278658e+04 1.279293e+04
12.5 1.287905e+04 1.285851e+04 1.281180e+04 1.283234e+04
13.5 1.273526e+04 1.273016e+04 1.279750e+04 1.280259e+04
14.5 1.261491e+04 1.263598e+04 1.276898e+04 1.274791e+04
15.5 1.257682e+04 1.259128e+04 1.274863e+04 1.273417e+04
16.5 1.261140e+04 1.257932e+04 1.273832e+04 1.277040e+04
17.5 1.245140e+04 1.258368e+04 1.273455e+04 1.260228e+04
18.5 1.238472e+04 1.259386e+04 1.273447e+04 1.252534e+04
19.5 1.252668e+04 1.260382e+04 1.273602e+04 1.265888e+04
20.5 1.260343e+04 1.260519e+04 1.273782e+04 1.273606e+04
21.5 1.269919e+04 1.260903e+04 1.273922e+04 1.282937e+04
22.5 1.283179e+04 1.266865e+04 1.274008e+04 1.290322e+04
23.5 1.281250e+04 1.275466e+04 1.274055e+04 1.279838e+04
24.5 1.282838e+04 1.281634e+04 1.274077e+04 1.275281e+04
25.5 1.291461e+04 1.284471e+04 1.274087e+04 1.281077e+04
26.5 1.291478e+04 1.285135e+04 1.274092e+04 1.280434e+04
27.5 1.282222e+04 1.284729e+04 1.274094e+04 1.271587e+04
0.5 1.265758e+04 1.259840e+04 1.273117e+04 1.279035e+04
1.5 1.272919e+04 1.259782e+04 1.269678e+04 1.282815e+04
2.5 1.279835e+04 1.268148e+04 1.267070e+04 1.278757e+04
3.5 1.285054e+04 1.280838e+04 1.268455e+04 1.272672e+04
4.5 1.297071e+04 1.290141e+04 1.271286e+04 1.278216e+04
5.5 1.296206e+04 1.294513e+04 1.273313e+04 1.275006e+04
6.5 1.298517e+04 1.295623e+04 1.274342e+04 1.277237e+04
7.5 1.296337e+04 1.295106e+04 1.274720e+04 1.275951e+04
8.5 1.293484e+04 1.294011e+04 1.274729e+04 1.274202e+04
9.5 1.286782e+04 1.292944e+04 1.274583e+04 1.268421e+04
10.5 1.295779e+04 1.293100e+04 1.275383e+04 1.278061e+04
11.5 1.297836e+04 1.292975e+04 1.278684e+04 1.283544e+04
12.5 1.298647e+04 1.284503e+04 1.281206e+04 1.295350e+04
13.5 1.280768e+04 1.271755e+04 1.279776e+04 1.288790e+04
14.5 1.262675e+04 1.262418e+04 1.276925e+04 1.277182e+04
15.5 1.247302e+04 1.258024e+04 1.274889e+04 1.264166e+04
16.5 1.242231e+04 1.256899e+04 1.273857e+04 1.259189e+04
17.5 1.246942e+04 1.257404e+04 1.273479e+04 1.263017e+04
18.5 1.257946e+04 1.258488e+04 1.273469e+04 1.272927e+04
19.5 1.258748e+04 1.259549e+04 1.273623e+04 1.272822e+04
20.5 1.259064e+04 1.259746e+04 1.273803e+04 1.273120e+04
21.5 1.255773e+04 1.260187e+04 1.273941e+04 1.269528e+04
22.5 1.257954e+04 1.266202e+04 1.274027e+04 1.265780e+04
23.5 1.278216e+04 1.274852e+04 1.274073e+04 1.277436e+04
24.5 1.286775e+04 1.281067e+04 1.274094e+04 1.279803e+04
25.5 1.282790e+04 1.283947e+04 1.274104e+04 1.272947e+04
26.5 1.279000e+04 1.284650e+04 1.274108e+04 1.268458e+04
27.5 1.283284e+04 1.284279e+04 1.274109e+04 1.273114e+04
0.5 1.242777e+04 1.259683e+04 1.273121e+04 1.256215e+04
1.5 1.254944e+04 1.259643e+04 1.269681e+04 1.264983e+04
2.5 1.268888e+04 1.268025e+04 1.267074e+04 1.267936e+04
3.5 1.281959e+04 1.280729e+04 1.268459e+04 1.269689e+04
4.5 1.285564e+04 1.290046e+04 1.271289e+04 1.266808e+04
5.5 1.292893e+04 1.294430e+04 1.273316e+04 1.271779e+04
6.5 1.290662e+04 1.295550e+04 1.274345e+04 1.269457e+04
7.5 1.300050e+04 1.295043e+04 1.274723e+04 1.279730e+04
8.5 1.306108e+04 1.293955e+04 1.274734e+04 1.286886e+04
9.5 1.306008e+04 1.292893e+04 1.274588e+04 1.287704e+04
10.5 1.301558e+04 1.293052e+04 1.275388e+04 1.283894e+04
11.5 1.295388e+04 1.292929e+04 1.278689e+04 1.281148e+04
12.5 1.288891e+04 1.284459e+04 1.281210e+04 1.285643e+04
13.5 1.286504e+04 1.271712e+04 1.279780e+04 1.294572e+04
14.5 1.284493e+04 1.262377e+04 1.276928e+04 1.299045e+04
15.5 1.274030e+04 1.257985e+04 1.274892e+04 1.290937e+04
16.5 1.276896e+04 1.256862e+04 1.273859e+04 1.293894e+04
17.5 1.266561e+04 1.257368e+04 1.273481e+04 1.282674e+04
18.5 1.259009e+04 1.258455e+04 1.273471e+04 1.274025e+04
19.5 1.256922e+04 1.259520e+04 1.273625e+04 1.271027e+04
20.5 1.265240e+04 1.259721e+04 1.273804e+04 1.279323e+04
21.5 1.271691e+04 1.260166e+04 1.273943e+04 1.285467e+04
22.5 1.280390e+04 1.266185e+04 1.274028e+04 1.288233e+04
23.5 1.283053e+04 1.274840e+04 1.274074e+04 1.282287e+04
24.5 1.303513e+04 1.281057e+04 1.274095e+04 1.296551e+04
25.5 1.305520e+04 1.283939e+04 1.274104e+04 1.295686e+04
26.5 1.302673e+04 1.284646e+04 1.274108e+04 1.292135e+04
27.5 1.276628e+04 1.284279e+04 1.274109e+04 1.266458e+04
0.5 1.249068e+04 1.259683e+04 1.273121e+04 1.262506e+04
1.5 1.246208e+04 1.259643e+04 1.269681e+04 1.256247e+04
2.5 1.242639e+04 1.268025e+04 1.267074e+04 1.241688e+04
3.5 1.243123e+04 1.280729e+04 1.268459e+04 1.230853e+04
4.5 1.266891e+04 1.290047e+04 1.271290e+04 1.248134e+04
5.5 1.275616e+04 1.294429e+04 1.273317e+04 1.254504e+04
6.5 1.289245e+04 1.295547e+04 1.274346e+04 1.268044e+04
7.5 1.297360e+04 1.295038e+04 1.274722e+04 1.277044e+04
8.5 1.304471e+04 1.293951e+04 1.274731e+04 1.285252e+04
9.5 1.308838e+04 1.292891e+04 1.274585e+04 1.290532e+04
10.5 1.302976e+04 1.293053e+04 1.275384e+04 1.285307e+04
11.5 1.295715e+04 1.292935e+04 1.278684e+04 1.281465e+04
12.5 1.284825e+04 1.284469e+04 1.281206e+04 1.281562e+04
13.5 1.273640e+04 1.271727e+04 1.279775e+04 1.281688e+04
14.5 1.261410e+04 1.262397e+04 1.276922e+04 1.275936e+04
15.5 1.253688e+04 1.258012e+04 1.274886e+04 1.270562e+04
16.5 1.249835e+04 1.256895e+04 1.273853e+04 1.266793e+04
17.5 1.248508e+04 1.257408e+04 1.273475e+04 1.264575e+04
18.5 1.261435e+04 1.258500e+04 1.273466e+04 1.276401e+04
19.5 1.275071e+04 1.259567e+04 1.273620e+04 1.289124e+04
20.5 1.277099e+04 1.259772e+04 1.273798e+04 1.291125e+04
21.5 1.271151e+04 1.260220e+04 1.273936e+04 1.284867e+04
22.5 1.279976e+04 1.266242e+04 1.274022e+04 1.287756e+04
23.5 1.278474e+04 1.274900e+04 1.274066e+04 1.277640e+04
24.5 1.293090e+04 1.281122e+04 1.274087e+04 1.286055e+04
25.5 1.300653e+04 1.284008e+04 1.274095e+04 1.290740e+04
26.5 1.288971e+04 1.284721e+04 1.274098e+04 1.278348e+04
27.5 1.271720e+04 1.284361e+04 1.274098e+04 1.261458e+04
0.5 1.263371e+04 1.259998e+04 1.273089e+04 1.276462e+04
1.5 1.265928e+04 1.259983e+04 1.269647e+04 1.275592e+04
2.5 1.273502e+04 1.268393e+04 1.267037e+04 1.272145e+04
3.5 1.274507e+04 1.281128e+04 1.268419e+04 1.261798e+04
4.5 1.283560e+04 1.290477e+04 1.271246e+04 1.264329e+04
5.5 1.299249e+04 1.294897e+04 1.273270e+04 1.277622e+04
6.5 1.300256e+04 1.296055e+04 1.274295e+04 1.278495e+04
7.5 1.307893e+04 1.295591e+04 1.274667e+04 1.286970e+04
8.5 1.309192e+04 1.294552e+04 1.274671e+04 1.289312e+04
9.5 1.312713e+04 1.293545e+04 1.274520e+04 1.293687e+04
10.5 1.303065e+04 1.293766e+04 1.275314e+04 1.284613e+04
11.5 1.273294e+04 1.293711e+04 1.278610e+04 1.258192e+04
12.5 1.258017e+04 1.285314e+04 1.281126e+04 1.253829e+04
13.5 1.249193e+04 1.272645e+04 1.279690e+04 1.256237e+04
14.5 1.245623e+04 1.263394e+04 1.276833e+04 1.259062e+04
15.5 1.263998e+04 1.259091e+04 1.274791e+04 1.279698e+04
16.5 1.266242e+04 1.258063e+04 1.273753e+04 1.281931e+04
17.5 1.259522e+04 1.258670e+04 1.273369e+04 1.274221e+04
18.5 1.254500e+04 1.259861e+04 1.273354e+04 1.267994e+04
19.5 1.260228e+04 1.261031e+04 1.273502e+04 1.272699e+04
20.5 1.267188e+04 1.261342e+04 1.273675e+04 1.279521e+04
21.5 1.257024e+04 1.261903e+04 1.273807e+04 1.268928e+04
22.5 1.254614e+04 1.268044e+04 1.273886e+04 1.260457e+04
23.5 1.248848e+04 1.276828e+04 1.273925e+04 1.245945e+04
24.5 1.258122e+04 1.283182e+04 1.273939e+04 1.248879e+04
25.5 1.294301e+04 1.286210e+04 1.273941e+04 1.282033e+04
26.5 1.299724e+04 1.287071e+04 1.273938e+04 1.286592e+04
27.5 1.310646e+04 1.286867e+04 1.273933e+04 1.297712e+04
