0.5 1.127056e+04 1.129057e+04 1.133906e+04 1.131905e+04
1.5 1.132854e+04 1.130093e+04 1.133254e+04 1.136016e+04
2.5 1.139622e+04 1.135564e+04 1.132760e+04 1.136819e+04
3.5 1.144993e+04 1.142026e+04 1.133022e+04 1.135989e+04
4.5 1.148172e+04 1.146122e+04 1.133556e+04 1.135605e+04
5.5 1.149760e+04 1.147803e+04 1.133939e+04 1.135895e+04
6.5 1.151793e+04 1.148052e+04 1.134133e+04 1.137873e+04
7.5 1.154205e+04 1.147646e+04 1.134203e+04 1.140762e+04
8.5 1.152865e+04 1.147059e+04 1.134204e+04 1.140010e+04
9.5 1.148583e+04 1.146547e+04 1.134176e+04 1.136211e+04
10.5 1.144457e+04 1.146368e+04 1.134327e+04 1.132416e+04
11.5 1.144305e+04 1.145126e+04 1.134951e+04 1.134129e+04
12.5 1.140270e+04 1.139560e+04 1.135428e+04 1.136138e+04
13.5 1.132510e+04 1.133067e+04 1.135157e+04 1.134601e+04
14.5 1.126164e+04 1.128973e+04 1.134618e+04 1.131809e+04
15.5 1.124592e+04 1.127311e+04 1.134233e+04 1.131514e+04
16.5 1.126258e+04 1.127089e+04 1.134038e+04 1.133207e+04
17.5 1.121590e+04 1.127528e+04 1.133967e+04 1.128030e+04
18.5 1.118873e+04 1.128151e+04 1.133966e+04 1.124688e+04
19.5 1.124172e+04 1.128703e+04 1.133995e+04 1.129465e+04
20.5 1.128982e+04 1.129120e+04 1.134029e+04 1.133890e+04
21.5 1.132647e+04 1.129493e+04 1.134055e+04 1.137209e+04
22.5 1.131273e+04 1.129832e+04 1.134072e+04 1.135512e+04
23.5 1.131934e+04 1.130001e+04 1.134080e+04 1.136014e+04
24.5 1.130415e+04 1.130037e+04 1.134085e+04 1.134462e+04
25.5 1.136404e+04 1.130032e+04 1.134086e+04 1.140459e+04
26.5 1.138948e+04 1.130021e+04 1.134087e+04 1.143015e+04
27.5 1.129895e+04 1.130013e+04 1.134088e+04 1.133970e+04
0.5 1.133271e+04 1.129559e+04 1.133903e+04 1.137615e+04
1.5 1.140348e+04 1.130609e+04 1.133253e+04 1.142992e+04
2.5 1.142101e+04 1.136089e+04 1.132760e+04 1.138771e+04
3.5 1.145925e+04 1.142556e+04 1.133022e+04 1.136391e+04
4.5 1.149577e+04 1.146654e+04 1.133557e+04 1.136480e+04
5.5 1.152014e+04 1.148333e+04 1.133940e+04 1.137621e+04
6.5 1.153993e+04 1.148577e+04 1.134135e+04 1.139551e+04
7.5 1.152691e+04 1.148161e+04 1.134206e+04 1.138737e+04
8.5 1.148054e+04 1.147560e+04 1.134208e+04 1.134702e+04
9.5 1.145419e+04 1.147030e+04 1.134180e+04 1.132569e+04
10.5 1.146278e+04 1.146832e+04 1.134331e+04 1.133777e+04
11.5 1.147841e+04 1.145571e+04 1.134956e+04 1.137226e+04
12.5 1.144578e+04 1.139983e+04 1.135433e+04 1.140027e+04
13.5 1.134461e+04 1.133469e+04 1.135162e+04 1.136154e+04
14.5 1.122678e+04 1.129354e+04 1.134623e+04 1.127947e+04
15.5 1.117986e+04 1.127672e+04 1.134238e+04 1.124553e+04
16.5 1.120171e+04 1.127429e+04 1.134043e+04 1.126785e+04
17.5 1.123893e+04 1.127847e+04 1.133971e+04 1.130017e+04
18.5 1.128260e+04 1.128452e+04 1.133970e+04 1.133777e+04
19.5 1.130677e+04 1.128987e+04 1.133999e+04 1.135689e+04
20.5 1.129771e+04 1.129388e+04 1.134033e+04 1.134416e+04
21.5 1.125989e+04 1.129745e+04 1.134059e+04 1.130303e+04
22.5 1.129230e+04 1.130068e+04 1.134075e+04 1.133237e+04
23.5 1.134892e+04 1.130221e+04 1.134084e+04 1.138755e+04
24.5 1.136354e+04 1.130243e+04 1.134088e+04 1.140199e+04
25.5 1.128604e+04 1.130224e+04 1.134090e+04 1.132469e+04
26.5 1.121323e+04 1.130199e+04 1.134090e+04 1.125214e+04
27.5 1.123005e+04 1.130178e+04 1.134091e+04 1.126918e+04
0.5 1.121614e+04 1.129618e+04 1.133904e+04 1.125900e+04
1.5 1.126466e+04 1.130665e+04 1.133253e+04 1.129055e+04
2.5 1.137408e+04 1.136142e+04 1.132760e+04 1.134026e+04
3.5 1.144240e+04 1.142607e+04 1.133022e+04 1.134655e+04
4.5 1.147358e+04 1.146702e+04 1.133557e+04 1.134213e+04
5.5 1.149336e+04 1.148379e+04 1.133941e+04 1.134898e+04
6.5 1.150560e+04 1.148621e+04 1.134135e+04 1.136075e+04
7.5 1.150803e+04 1.148203e+04 1.134207e+04 1.136808e+04
8.5 1.153832e+04 1.147598e+04 1.134209e+04 1.140443e+04
9.5 1.153709e+04 1.147064e+04 1.134181e+04 1.140826e+04
10.5 1.150409e+04 1.146862e+04 1.134332e+04 1.137879e+04
11.5 1.146366e+04 1.145596e+04 1.134957e+04 1.135726e+04
12.5 1.143043e+04 1.140005e+04 1.135434e+04 1.138472e+04
13.5 1.140714e+04 1.133488e+04 1.135163e+04 1.142390e+04
14.5 1.140187e+04 1.129370e+04 1.134624e+04 1.145440e+04
15.5 1.138714e+04 1.127685e+04 1.134239e+04 1.145268e+04
16.5 1.134179e+04 1.127439e+04 1.134043e+04 1.140783e+04
17.5 1.131698e+04 1.127856e+04 1.133972e+04 1.137814e+04
18.5 1.128274e+04 1.128460e+04 1.133970e+04 1.133784e+04
19.5 1.127968e+04 1.128993e+04 1.133999e+04 1.132974e+04
20.5 1.132534e+04 1.129393e+04 1.134033e+04 1.137174e+04
21.5 1.137583e+04 1.129748e+04 1.134059e+04 1.141893e+04
22.5 1.140442e+04 1.130070e+04 1.134075e+04 1.144447e+04
23.5 1.141275e+04 1.130223e+04 1.134084e+04 1.145137e+04
24.5 1.149408e+04 1.130244e+04 1.134088e+04 1.153252e+04
25.5 1.145745e+04 1.130224e+04 1.134090e+04 1.149611e+04
26.5 1.139525e+04 1.130199e+04 1.134090e+04 1.143417e+04
27.5 1.123491e+04 1.130178e+04 1.134091e+04 1.127403e+04
0.5 1.124326e+04 1.129618e+04 1.133904e+04 1.128612e+04
1.5 1.124127e+04 1.130665e+04 1.133253e+04 1.126715e+04
2.5 1.122549e+04 1.136142e+04 1.132760e+04 1.119167e+04
3.5 1.123884e+04 1.142607e+04 1.133022e+04 1.114299e+04
4.5 1.130867e+04 1.146702e+04 1.133558e+04 1.117722e+04
5.5 1.140683e+04 1.148378e+04 1.133941e+04 1.126245e+04
6.5 1.145448e+04 1.148620e+04 1.134135e+04 1.130964e+04
7.5 1.149313e+04 1.148202e+04 1.134207e+04 1.135318e+04
8.5 1.150910e+04 1.147598e+04 1.134208e+04 1.137520e+04
9.5 1.152613e+04 1.147067e+04 1.134181e+04 1.139727e+04
10.5 1.151182e+04 1.146868e+04 1.134332e+04 1.138646e+04
11.5 1.146073e+04 1.145605e+04 1.134956e+04 1.135423e+04
12.5 1.141942e+04 1.140018e+04 1.135433e+04 1.137357e+04
13.5 1.133164e+04 1.133505e+04 1.135162e+04 1.134821e+04
14.5 1.127167e+04 1.129391e+04 1.134623e+04 1.132398e+04
15.5 1.125609e+04 1.127711e+04 1.134238e+04 1.132135e+04
16.5 1.125726e+04 1.127471e+04 1.134042e+04 1.132298e+04
17.5 1.125189e+04 1.127893e+04 1.133971e+04 1.131266e+04
18.5 1.129676e+04 1.128501e+04 1.133969e+04 1.135144e+04
19.5 1.139831e+04 1.129038e+04 1.133998e+04 1.144791e+04
20.5 1.141364e+04 1.129443e+04 1.134032e+04 1.145953e+04
21.5 1.136173e+04 1.129803e+04 1.134058e+04 1.140428e+04
22.5 1.130145e+04 1.130130e+04 1.134074e+04 1.134089e+04
23.5 1.127892e+04 1.130289e+04 1.134083e+04 1.131686e+04
24.5 1.135232e+04 1.130317e+04 1.134086e+04 1.139002e+04
25.5 1.132960e+04 1.130304e+04 1.134088e+04 1.136744e+04
26.5 1.130019e+04 1.130287e+04 1.134089e+04 1.133821e+04
27.5 1.126711e+04 1.130275e+04 1.134089e+04 1.130525e+04
0.5 1.130427e+04 1.129931e+04 1.133898e+04 1.134394e+04
1.5 1.134440e+04 1.131005e+04 1.133247e+04 1.136682e+04
2.5 1.136388e+04 1.136512e+04 1.132753e+04 1.132629e+04
3.5 1.137402e+04 1.143008e+04 1.133015e+04 1.127409e+04
4.5 1.140791e+04 1.147138e+04 1.133549e+04 1.127202e+04
5.5 1.150939e+04 1.148851e+04 1.133932e+04 1.136020e+04
6.5 1.154737e+04 1.149133e+04 1.134126e+04 1.139730e+04
7.5 1.154025e+04 1.148759e+04 1.134196e+04 1.139462e+04
8.5 1.151555e+04 1.148203e+04 1.134197e+04 1.137549e+04
9.5 1.150114e+04 1.147724e+04 1.134168e+04 1.136558e+04
10.5 1.143898e+04 1.147580e+04 1.134318e+04 1.130636e+04
11.5 1.131247e+04 1.146378e+04 1.134942e+04 1.119811e+04
12.5 1.124843e+04 1.140855e+04 1.135418e+04 1.119406e+04
13.5 1.121298e+04 1.134410e+04 1.135146e+04 1.122034e+04
14.5 1.125334e+04 1.130369e+04 1.134606e+04 1.129571e+04
15.5 1.131708e+04 1.128766e+04 1.134220e+04 1.137162e+04
16.5 1.134278e+04 1.128607e+04 1.134023e+04 1.139694e+04
17.5 1.132277e+04 1.129115e+04 1.133951e+04 1.137113e+04
18.5 1.128936e+04 1.129813e+04 1.133948e+04 1.133071e+04
19.5 1.129390e+04 1.130446e+04 1.133976e+04 1.132920e+04
20.5 1.135391e+04 1.130951e+04 1.134009e+04 1.138449e+04
21.5 1.132016e+04 1.131416e+04 1.134034e+04 1.134633e+04
22.5 1.131339e+04 1.131854e+04 1.134049e+04 1.133533e+04
23.5 1.129755e+04 1.132128e+04 1.134056e+04 1.131682e+04
24.5 1.133350e+04 1.132277e+04 1.134059e+04 1.135132e+04
25.5 1.146276e+04 1.132390e+04 1.134059e+04 1.147946e+04
26.5 1.148922e+04 1.132504e+04 1.134058e+04 1.150477e+04
27.5 1.139719e+04 1.132628e+04 1.134057e+04 1.141149e+04
