0.5 1.262877e+04 1.263543e+04 1.265333e+04 1.264668e+04
1.5 1.273035e+04 1.262959e+04 1.268395e+04 1.278472e+04
2.5 1.280859e+04 1.270962e+04 1.279207e+04 1.289104e+04
3.5 1.287714e+04 1.283390e+04 1.290445e+04 1.294770e+04
4.5 1.294841e+04 1.292489e+04 1.296904e+04 1.299256e+04
5.5 1.295319e+04 1.296688e+04 1.299261e+04 1.297892e+04
6.5 1.299157e+04 1.297644e+04 1.299368e+04 1.300881e+04
7.5 1.304065e+04 1.296988e+04 1.298510e+04 1.305587e+04
8.5 1.294123e+04 1.295768e+04 1.297450e+04 1.295805e+04
9.5 1.286264e+04 1.294587e+04 1.296577e+04 1.288254e+04
10.5 1.285311e+04 1.294639e+04 1.295984e+04 1.286657e+04
11.5 1.295051e+04 1.294416e+04 1.292609e+04 1.293244e+04
12.5 1.287905e+04 1.285851e+04 1.281665e+04 1.283719e+04
13.5 1.273526e+04 1.273016e+04 1.270397e+04 1.270907e+04
14.5 1.261491e+04 1.263598e+04 1.263962e+04 1.261855e+04
15.5 1.257682e+04 1.259128e+04 1.261653e+04 1.260207e+04
16.5 1.261140e+04 1.257932e+04 1.261607e+04 1.264815e+04
17.5 1.245140e+04 1.258368e+04 1.262534e+04 1.249307e+04
18.5 1.238472e+04 1.259386e+04 1.263669e+04 1.242755e+04
19.5 1.252668e+04 1.260382e+04 1.264618e+04 1.256903e+04
20.5 1.260343e+04 1.260519e+04 1.265265e+04 1.265089e+04
21.5 1.269919e+04 1.260903e+04 1.265648e+04 1.274664e+04
22.5 1.283179e+04 1.266865e+04 1.265857e+04 1.282170e+04
23.5 1.281250e+04 1.275466e+04 1.265968e+04 1.271752e+04
24.5 1.282838e+04 1.281634e+04 1.266031e+04 1.267235e+04
25.5 1.291461e+04 1.284471e+04 1.266073e+04 1.273063e+04
26.5 1.291478e+04 1.285135e+04 1.266104e+04 1.272447e+04
27.5 1.282222e+04 1.284729e+04 1.266131e+04 1.263624e+04
0.5 1.265758e+04 1.259840e+04 1.266369e+04 1.272286e+04
1.5 1.272919e+04 1.259782e+04 1.269449e+04 1.282586e+04
2.5 1.279835e+04 1.268148e+04 1.280270e+04 1.291957e+04
3.5 1.285054e+04 1.280838e+04 1.291511e+04 1.295728e+04
4.5 1.297071e+04 1.290141e+04 1.297966e+04 1.304896e+04
5.5 1.296206e+04 1.294513e+04 1.300314e+04 1.302006e+04
6.5 1.298517e+04 1.295623e+04 1.300404e+04 1.303299e+04
7.5 1.296337e+04 1.295106e+04 1.299522e+04 1.300753e+04
8.5 1.293484e+04 1.294011e+04 1.298430e+04 1.297903e+04
9.5 1.286782e+04 1.292944e+04 1.297521e+04 1.291359e+04
10.5 1.295779e+04 1.293100e+04 1.296889e+04 1.299567e+04
11.5 1.297836e+04 1.292975e+04 1.293473e+04 1.298333e+04
12.5 1.298647e+04 1.284503e+04 1.282487e+04 1.296631e+04
13.5 1.280768e+04 1.271755e+04 1.271178e+04 1.280191e+04
14.5 1.262675e+04 1.262418e+04 1.264700e+04 1.264957e+04
15.5 1.247302e+04 1.258024e+04 1.262349e+04 1.251627e+04
16.5 1.242231e+04 1.256899e+04 1.262263e+04 1.247595e+04
17.5 1.246942e+04 1.257404e+04 1.263151e+04 1.252690e+04
18.5 1.257946e+04 1.258488e+04 1.264250e+04 1.263708e+04
19.5 1.258748e+04 1.259549e+04 1.265166e+04 1.264365e+04
20.5 1.259064e+04 1.259746e+04 1.265780e+04 1.265098e+04
21.5 1.255773e+04 1.260187e+04 1.266132e+04 1.261718e+04
22.5 1.257954e+04 1.266202e+04 1.266310e+04 1.258062e+04
23.5 1.278216e+04 1.274852e+04 1.266391e+04 1.269755e+04
24.5 1.286775e+04 1.281067e+04 1.266426e+04 1.272135e+04
25.5 1.282790e+04 1.283947e+04 1.266440e+04 1.265283e+04
26.5 1.279000e+04 1.284650e+04 1.266445e+04 1.260795e+04
27.5 1.283284e+04 1.284279e+04 1.266447e+04 1.265451e+04
0.5 1.242777e+04 1.259683e+04 1.266481e+04 1.249575e+04
1.5 1.254944e+04 1.259643e+04 1.269556e+04 1.264857e+04
2.5 1.268888e+04 1.268025e+04 1.280372e+04 1.281235e+04
3.5 1.281959e+04 1.280729e+04 1.291608e+04 1.292838e+04
4.5 1.285564e+04 1.290046e+04 1.298058e+04 1.293577e+04
5.5 1.292893e+04 1.294430e+04 1.300401e+04 1.298864e+04
6.5 1.290662e+04 1.295550e+04 1.300487e+04 1.295599e+04
7.5 1.300050e+04 1.295043e+04 1.299600e+04 1.304606e+04
8.5 1.306108e+04 1.293955e+04 1.298501e+04 1.310654e+04
9.5 1.306008e+04 1.292893e+04 1.297584e+04 1.310700e+04
10.5 1.301558e+04 1.293052e+04 1.296944e+04 1.305450e+04
11.5 1.295388e+04 1.292929e+04 1.293520e+04 1.295979e+04
12.5 1.288891e+04 1.284459e+04 1.282528e+04 1.286961e+04
13.5 1.286504e+04 1.271712e+04 1.271212e+04 1.286004e+04
14.5 1.284493e+04 1.262377e+04 1.264729e+04 1.286846e+04
15.5 1.274030e+04 1.257985e+04 1.262374e+04 1.278419e+04
16.5 1.276896e+04 1.256862e+04 1.262283e+04 1.282317e+04
17.5 1.266561e+04 1.257368e+04 1.263168e+04 1.272361e+04
18.5 1.259009e+04 1.258455e+04 1.264264e+04 1.264818e+04
19.5 1.256922e+04 1.259520e+04 1.265177e+04 1.262579e+04
20.5 1.265240e+04 1.259721e+04 1.265789e+04 1.271307e+04
21.5 1.271691e+04 1.260166e+04 1.266138e+04 1.277663e+04
22.5 1.280390e+04 1.266185e+04 1.266314e+04 1.280519e+04
23.5 1.283053e+04 1.274840e+04 1.266394e+04 1.274608e+04
24.5 1.303513e+04 1.281057e+04 1.266428e+04 1.288883e+04
25.5 1.305520e+04 1.283939e+04 1.266440e+04 1.288022e+04
26.5 1.302673e+04 1.284646e+04 1.266445e+04 1.284472e+04
27.5 1.276628e+04 1.284279e+04 1.266447e+04 1.258796e+04
0.5 1.249068e+04 1.259683e+04 1.266481e+04 1.255866e+04
1.5 1.246208e+04 1.259643e+04 1.269556e+04 1.256122e+04
2.5 1.242639e+04 1.268025e+04 1.280372e+04 1.254986e+04
3.5 1.243123e+04 1.280729e+04 1.291608e+04 1.254003e+04
4.5 1.266891e+04 1.290047e+04 1.298058e+04 1.274902e+04
5.5 1.275616e+04 1.294429e+04 1.300400e+04 1.281587e+04
6.5 1.289245e+04 1.295547e+04 1.300485e+04 1.294183e+04
7.5 1.297360e+04 1.295038e+04 1.299598e+04 1.301920e+04
8.5 1.304471e+04 1.293951e+04 1.298503e+04 1.309023e+04
9.5 1.308838e+04 1.292891e+04 1.297591e+04 1.313538e+04
10.5 1.302976e+04 1.293053e+04 1.296956e+04 1.306879e+04
11.5 1.295715e+04 1.292935e+04 1.293538e+04 1.296319e+04
12.5 1.284825e+04 1.284469e+04 1.282553e+04 1.282909e+04
13.5 1.273640e+04 1.271727e+04 1.271245e+04 1.273158e+04
14.5 1.261410e+04 1.262397e+04 1.264770e+04 1.263784e+04
15.5 1.253688e+04 1.258012e+04 1.262424e+04 1.258101e+04
16.5 1.249835e+04 1.256895e+04 1.262344e+04 1.255283e+04
17.5 1.248508e+04 1.257408e+04 1.263238e+04 1.254338e+04
18.5 1.261435e+04 1.258500e+04 1.264342e+04 1.267277e+04
19.5 1.275071e+04 1.259567e+04 1.265263e+04 1.280767e+04
20.5 1.277099e+04 1.259772e+04 1.265882e+04 1.283209e+04
21.5 1.271151e+04 1.260220e+04 1.266241e+04 1.277172e+04
22.5 1.279976e+04 1.266242e+04 1.266427e+04 1.280161e+04
23.5 1.278474e+04 1.274900e+04 1.266518e+04 1.270092e+04
24.5 1.293090e+04 1.281122e+04 1.266564e+04 1.278532e+04
25.5 1.300653e+04 1.284008e+04 1.266591e+04 1.283235e+04
26.5 1.288971e+04 1.284721e+04 1.266611e+04 1.270861e+04
27.5 1.271720e+04 1.284361e+04 1.266629e+04 1.253988e+04
0.5 1.263371e+04 1.259998e+04 1.267069e+04 1.270442e+04
1.5 1.265928e+04 1.259983e+04 1.270194e+04 1.276139e+04
2.5 1.273502e+04 1.268393e+04 1.281065e+04 1.286174e+04
3.5 1.274507e+04 1.281128e+04 1.292361e+04 1.285740e+04
4.5 1.283560e+04 1.290477e+04 1.298875e+04 1.291958e+04
5.5 1.299249e+04 1.294897e+04 1.301287e+04 1.305639e+04
6.5 1.300256e+04 1.296055e+04 1.301448e+04 1.305648e+04
7.5 1.307893e+04 1.295591e+04 1.300644e+04 1.312946e+04
8.5 1.309192e+04 1.294552e+04 1.299637e+04 1.314278e+04
9.5 1.312713e+04 1.293545e+04 1.298822e+04 1.317990e+04
10.5 1.303065e+04 1.293766e+04 1.298292e+04 1.307591e+04
11.5 1.273294e+04 1.293711e+04 1.294987e+04 1.274569e+04
12.5 1.258017e+04 1.285314e+04 1.284121e+04 1.256824e+04
13.5 1.249193e+04 1.272645e+04 1.272940e+04 1.249487e+04
14.5 1.245623e+04 1.263394e+04 1.266601e+04 1.248830e+04
15.5 1.263998e+04 1.259091e+04 1.264398e+04 1.269305e+04
16.5 1.266242e+04 1.258063e+04 1.264468e+04 1.272646e+04
17.5 1.259522e+04 1.258670e+04 1.265522e+04 1.266374e+04
18.5 1.254500e+04 1.259861e+04 1.266794e+04 1.261434e+04
19.5 1.260228e+04 1.261031e+04 1.267892e+04 1.267090e+04
20.5 1.267188e+04 1.261342e+04 1.268699e+04 1.274544e+04
21.5 1.257024e+04 1.261903e+04 1.269253e+04 1.264374e+04
22.5 1.254614e+04 1.268044e+04 1.269644e+04 1.256215e+04
23.5 1.248848e+04 1.276828e+04 1.269950e+04 1.241970e+04
24.5 1.258122e+04 1.283182e+04 1.270219e+04 1.245158e+04
25.5 1.294301e+04 1.286210e+04 1.270478e+04 1.278570e+04
26.5 1.299724e+04 1.287071e+04 1.270740e+04 1.283394e+04
27.5 1.310646e+04 1.286867e+04 1.271010e+04 1.294789e+04
