0.5 1.260343e+04 1.260519e+04 1.270220e+04 1.270044e+04
1.5 1.269919e+04 1.260903e+04 1.272222e+04 1.281237e+04
2.5 1.283179e+04 1.266865e+04 1.279501e+04 1.295814e+04
3.5 1.281250e+04 1.275466e+04 1.287071e+04 1.292855e+04
4.5 1.282838e+04 1.281634e+04 1.291387e+04 1.292591e+04
5.5 1.291461e+04 1.284471e+04 1.292910e+04 1.299901e+04
6.5 1.291478e+04 1.285135e+04 1.292901e+04 1.299244e+04
7.5 1.282222e+04 1.284729e+04 1.292235e+04 1.289728e+04
8.5 1.274323e+04 1.283952e+04 1.291430e+04 1.281802e+04
9.5 1.282198e+04 1.283205e+04 1.290755e+04 1.289748e+04
10.5 1.285929e+04 1.283238e+04 1.290271e+04 1.292962e+04
11.5 1.288256e+04 1.282931e+04 1.287895e+04 1.293221e+04
12.5 1.285534e+04 1.276977e+04 1.280368e+04 1.288926e+04
13.5 1.275746e+04 1.268343e+04 1.272623e+04 1.280026e+04
14.5 1.261003e+04 1.262123e+04 1.268171e+04 1.267051e+04
15.5 1.266327e+04 1.259230e+04 1.266533e+04 1.273630e+04
16.5 1.248403e+04 1.258507e+04 1.266440e+04 1.256337e+04
17.5 1.246524e+04 1.258858e+04 1.267014e+04 1.254680e+04
18.5 1.247911e+04 1.259583e+04 1.267732e+04 1.256060e+04
19.5 1.258470e+04 1.260279e+04 1.268328e+04 1.266519e+04
20.5 1.265758e+04 1.259840e+04 1.268721e+04 1.274639e+04
21.5 1.272919e+04 1.259782e+04 1.268937e+04 1.282074e+04
22.5 1.279835e+04 1.268148e+04 1.269037e+04 1.280723e+04
23.5 1.285054e+04 1.280838e+04 1.269072e+04 1.273289e+04
24.5 1.297071e+04 1.290141e+04 1.269078e+04 1.276007e+04
25.5 1.296206e+04 1.294513e+04 1.269071e+04 1.270763e+04
26.5 1.298517e+04 1.295623e+04 1.269059e+04 1.271954e+04
27.5 1.296337e+04 1.295106e+04 1.269047e+04 1.270278e+04
0.5 1.259064e+04 1.259746e+04 1.268965e+04 1.268283e+04
1.5 1.255773e+04 1.260187e+04 1.271052e+04 1.266639e+04
2.5 1.257954e+04 1.266202e+04 1.278413e+04 1.270165e+04
3.5 1.278216e+04 1.274852e+04 1.286061e+04 1.289424e+04
4.5 1.286775e+04 1.281067e+04 1.290449e+04 1.296158e+04
5.5 1.282790e+04 1.283947e+04 1.292041e+04 1.290884e+04
6.5 1.279000e+04 1.284650e+04 1.292096e+04 1.286446e+04
7.5 1.283284e+04 1.284279e+04 1.291488e+04 1.290493e+04
8.5 1.292044e+04 1.283535e+04 1.290739e+04 1.299249e+04
9.5 1.287993e+04 1.282818e+04 1.290114e+04 1.295290e+04
10.5 1.276457e+04 1.282878e+04 1.289678e+04 1.283258e+04
11.5 1.275780e+04 1.282597e+04 1.287347e+04 1.280530e+04
12.5 1.283777e+04 1.276667e+04 1.279861e+04 1.286972e+04
13.5 1.284463e+04 1.268056e+04 1.272155e+04 1.288562e+04
14.5 1.274847e+04 1.261857e+04 1.267740e+04 1.280730e+04
15.5 1.255941e+04 1.258983e+04 1.266136e+04 1.263093e+04
16.5 1.253980e+04 1.258279e+04 1.266075e+04 1.261776e+04
17.5 1.259279e+04 1.258647e+04 1.266677e+04 1.267310e+04
18.5 1.247025e+04 1.259390e+04 1.267424e+04 1.255059e+04
19.5 1.246474e+04 1.260104e+04 1.268045e+04 1.254415e+04
20.5 1.242777e+04 1.259683e+04 1.268462e+04 1.251556e+04
21.5 1.254944e+04 1.259643e+04 1.268700e+04 1.264002e+04
22.5 1.268888e+04 1.268025e+04 1.268820e+04 1.269683e+04
23.5 1.281959e+04 1.280729e+04 1.268875e+04 1.270105e+04
24.5 1.285564e+04 1.290046e+04 1.268897e+04 1.264416e+04
25.5 1.292893e+04 1.294430e+04 1.268906e+04 1.267369e+04
26.5 1.290662e+04 1.295550e+04 1.268909e+04 1.264021e+04
27.5 1.300050e+04 1.295043e+04 1.268910e+04 1.273917e+04
0.5 1.265240e+04 1.259721e+04 1.268934e+04 1.274453e+04
1.5 1.271691e+04 1.260166e+04 1.271028e+04 1.282552e+04
2.5 1.280390e+04 1.266185e+04 1.278394e+04 1.292599e+04
3.5 1.283053e+04 1.274840e+04 1.286047e+04 1.294260e+04
4.5 1.303513e+04 1.281057e+04 1.290440e+04 1.312896e+04
5.5 1.305520e+04 1.283939e+04 1.292035e+04 1.313617e+04
6.5 1.302673e+04 1.284646e+04 1.292094e+04 1.310121e+04
7.5 1.276628e+04 1.284279e+04 1.291490e+04 1.283839e+04
8.5 1.269794e+04 1.283537e+04 1.290741e+04 1.276999e+04
9.5 1.267931e+04 1.282821e+04 1.290117e+04 1.275227e+04
10.5 1.270451e+04 1.282881e+04 1.289681e+04 1.277251e+04
11.5 1.255166e+04 1.282599e+04 1.287349e+04 1.259916e+04
12.5 1.261656e+04 1.276668e+04 1.279863e+04 1.264850e+04
13.5 1.251756e+04 1.268057e+04 1.272156e+04 1.255855e+04
14.5 1.245520e+04 1.261858e+04 1.267740e+04 1.251402e+04
15.5 1.262277e+04 1.258984e+04 1.266136e+04 1.269430e+04
16.5 1.254114e+04 1.258279e+04 1.266075e+04 1.261910e+04
17.5 1.246278e+04 1.258647e+04 1.266677e+04 1.254308e+04
18.5 1.244650e+04 1.259390e+04 1.267424e+04 1.252684e+04
19.5 1.252662e+04 1.260104e+04 1.268045e+04 1.260604e+04
20.5 1.249068e+04 1.259683e+04 1.268462e+04 1.257847e+04
21.5 1.246208e+04 1.259643e+04 1.268700e+04 1.255266e+04
22.5 1.242639e+04 1.268025e+04 1.268820e+04 1.243435e+04
23.5 1.243123e+04 1.280729e+04 1.268875e+04 1.231269e+04
24.5 1.266891e+04 1.290047e+04 1.268897e+04 1.245741e+04
25.5 1.275616e+04 1.294429e+04 1.268905e+04 1.250092e+04
26.5 1.289245e+04 1.295547e+04 1.268907e+04 1.262606e+04
27.5 1.297360e+04 1.295038e+04 1.268907e+04 1.271228e+04
0.5 1.277099e+04 1.259772e+04 1.268893e+04 1.286220e+04
1.5 1.271151e+04 1.260220e+04 1.270981e+04 1.281912e+04
2.5 1.279976e+04 1.266242e+04 1.278341e+04 1.292075e+04
3.5 1.278474e+04 1.274900e+04 1.285987e+04 1.289560e+04
4.5 1.293090e+04 1.281122e+04 1.290372e+04 1.302340e+04
5.5 1.300653e+04 1.284008e+04 1.291959e+04 1.308603e+04
6.5 1.288971e+04 1.284721e+04 1.292008e+04 1.296258e+04
7.5 1.271720e+04 1.284361e+04 1.291396e+04 1.278755e+04
8.5 1.265160e+04 1.283627e+04 1.290640e+04 1.272172e+04
9.5 1.278428e+04 1.282922e+04 1.290008e+04 1.285513e+04
10.5 1.278404e+04 1.282995e+04 1.289564e+04 1.284972e+04
11.5 1.282372e+04 1.282728e+04 1.287224e+04 1.286868e+04
12.5 1.296310e+04 1.276812e+04 1.279728e+04 1.299226e+04
13.5 1.283593e+04 1.268218e+04 1.272012e+04 1.287387e+04
14.5 1.271976e+04 1.262038e+04 1.267586e+04 1.277524e+04
15.5 1.251485e+04 1.259183e+04 1.265970e+04 1.258272e+04
16.5 1.249035e+04 1.258501e+04 1.265895e+04 1.256430e+04
17.5 1.247649e+04 1.258891e+04 1.266483e+04 1.255240e+04
18.5 1.262188e+04 1.259658e+04 1.267212e+04 1.269742e+04
19.5 1.262429e+04 1.260395e+04 1.267813e+04 1.269848e+04
20.5 1.263371e+04 1.259998e+04 1.268208e+04 1.271581e+04
21.5 1.265928e+04 1.259983e+04 1.268423e+04 1.274367e+04
22.5 1.273502e+04 1.268393e+04 1.268517e+04 1.273626e+04
23.5 1.274507e+04 1.281128e+04 1.268544e+04 1.261923e+04
24.5 1.283560e+04 1.290477e+04 1.268537e+04 1.261620e+04
25.5 1.299249e+04 1.294897e+04 1.268515e+04 1.272867e+04
26.5 1.300256e+04 1.296055e+04 1.268484e+04 1.272684e+04
27.5 1.307893e+04 1.295591e+04 1.268449e+04 1.280751e+04
0.5 1.267188e+04 1.261342e+04 1.267727e+04 1.273573e+04
1.5 1.257024e+04 1.261903e+04 1.269736e+04 1.264858e+04
2.5 1.254614e+04 1.268044e+04 1.277015e+04 1.263586e+04
3.5 1.248848e+04 1.276828e+04 1.284577e+04 1.256598e+04
4.5 1.258122e+04 1.283182e+04 1.288877e+04 1.263817e+04
5.5 1.294301e+04 1.286210e+04 1.290378e+04 1.298469e+04
6.5 1.299724e+04 1.287071e+04 1.290339e+04 1.302993e+04
7.5 1.310646e+04 1.286867e+04 1.289639e+04 1.313418e+04
8.5 1.294645e+04 1.286301e+04 1.288798e+04 1.297143e+04
9.5 1.288203e+04 1.285777e+04 1.288086e+04 1.290512e+04
10.5 1.282336e+04 1.286044e+04 1.287566e+04 1.283859e+04
11.5 1.276194e+04 1.285981e+04 1.285152e+04 1.275365e+04
12.5 1.273450e+04 1.280281e+04 1.277585e+04 1.270754e+04
13.5 1.268779e+04 1.271912e+04 1.269798e+04 1.266666e+04
14.5 1.257232e+04 1.265966e+04 1.265304e+04 1.256571e+04
15.5 1.258910e+04 1.263355e+04 1.263624e+04 1.259179e+04
16.5 1.265140e+04 1.262928e+04 1.263490e+04 1.265702e+04
17.5 1.274480e+04 1.263585e+04 1.264022e+04 1.274916e+04
18.5 1.281641e+04 1.264618e+04 1.264701e+04 1.281723e+04
