0.5 1.122293e+04 1.120527e+04 1.123277e+04 1.125042e+04
1.5 1.146494e+04 1.129542e+04 1.135302e+04 1.152254e+04
2.5 1.182350e+04 1.170950e+04 1.179042e+04 1.190442e+04
3.5 1.209060e+04 1.218005e+04 1.224532e+04 1.215587e+04
4.5 1.243348e+04 1.246874e+04 1.250465e+04 1.246939e+04
5.5 1.288432e+04 1.258105e+04 1.259618e+04 1.289945e+04
6.5 1.314148e+04 1.259101e+04 1.259564e+04 1.314611e+04
7.5 1.296933e+04 1.255480e+04 1.255559e+04 1.297013e+04
8.5 1.278594e+04 1.250655e+04 1.250724e+04 1.278663e+04
9.5 1.266292e+04 1.246446e+04 1.246663e+04 1.266510e+04
10.5 1.277103e+04 1.244347e+04 1.243758e+04 1.276515e+04
11.5 1.303572e+04 1.233395e+04 1.229483e+04 1.299660e+04
12.5 1.277758e+04 1.190687e+04 1.184252e+04 1.271323e+04
13.5 1.202510e+04 1.142682e+04 1.137712e+04 1.197540e+04
14.5 1.109577e+04 1.113047e+04 1.110965e+04 1.107494e+04
15.5 1.078600e+04 1.101150e+04 1.101124e+04 1.078574e+04
16.5 1.060918e+04 1.099550e+04 1.100565e+04 1.061932e+04
17.5 1.028545e+04 1.102616e+04 1.104009e+04 1.029938e+04
18.5 1.013658e+04 1.106928e+04 1.108328e+04 1.015057e+04
19.5 1.024009e+04 1.110644e+04 1.111909e+04 1.025275e+04
20.5 1.064714e+04 1.110257e+04 1.114269e+04 1.068726e+04
21.5 1.102021e+04 1.101702e+04 1.115567e+04 1.115885e+04
22.5 1.093988e+04 1.095683e+04 1.116165e+04 1.114471e+04
23.5 1.075755e+04 1.101246e+04 1.116380e+04 1.090889e+04
24.5 1.071233e+04 1.110443e+04 1.116412e+04 1.077201e+04
25.5 1.100919e+04 1.116723e+04 1.116369e+04 1.100565e+04
26.5 1.146153e+04 1.119750e+04 1.116300e+04 1.142702e+04
27.5 1.141310e+04 1.120716e+04 1.116225e+04 1.136819e+04
0.5 1.136427e+04 1.113011e+04 1.115733e+04 1.139150e+04
1.5 1.122535e+04 1.122543e+04 1.128277e+04 1.128269e+04
2.5 1.121219e+04 1.164441e+04 1.172507e+04 1.129285e+04
3.5 1.178139e+04 1.211958e+04 1.218460e+04 1.184641e+04
4.5 1.224672e+04 1.241263e+04 1.244830e+04 1.228239e+04
5.5 1.270612e+04 1.252906e+04 1.254395e+04 1.272101e+04
6.5 1.279215e+04 1.254284e+04 1.254722e+04 1.279653e+04
7.5 1.284751e+04 1.251018e+04 1.251073e+04 1.284807e+04
8.5 1.309700e+04 1.246521e+04 1.246568e+04 1.309747e+04
9.5 1.314634e+04 1.242618e+04 1.242814e+04 1.314831e+04
10.5 1.303322e+04 1.240804e+04 1.240196e+04 1.302714e+04
11.5 1.268962e+04 1.230119e+04 1.226189e+04 1.265032e+04
12.5 1.241891e+04 1.187660e+04 1.181209e+04 1.235441e+04
13.5 1.228423e+04 1.139888e+04 1.134903e+04 1.223438e+04
14.5 1.173277e+04 1.110470e+04 1.108374e+04 1.171181e+04
15.5 1.102317e+04 1.098774e+04 1.098736e+04 1.102279e+04
16.5 1.051837e+04 1.097362e+04 1.098366e+04 1.052841e+04
17.5 1.059046e+04 1.100602e+04 1.101988e+04 1.060432e+04
18.5 1.039589e+04 1.105076e+04 1.106473e+04 1.040985e+04
19.5 1.027430e+04 1.108944e+04 1.110209e+04 1.028695e+04
20.5 1.012527e+04 1.108700e+04 1.112712e+04 1.016539e+04
21.5 1.023304e+04 1.100278e+04 1.114143e+04 1.037169e+04
22.5 1.053347e+04 1.094382e+04 1.114864e+04 1.073829e+04
23.5 1.078722e+04 1.100059e+04 1.115191e+04 1.093855e+04
24.5 1.080637e+04 1.109361e+04 1.115327e+04 1.086603e+04
25.5 1.097506e+04 1.115737e+04 1.115380e+04 1.097148e+04
26.5 1.113350e+04 1.118853e+04 1.115399e+04 1.109895e+04
27.5 1.125579e+04 1.119903e+04 1.115405e+04 1.121081e+04
0.5 1.135892e+04 1.112824e+04 1.115548e+04 1.138615e+04
1.5 1.140457e+04 1.122394e+04 1.128129e+04 1.146192e+04
2.5 1.175370e+04 1.164326e+04 1.172393e+04 1.183437e+04
3.5 1.222582e+04 1.211873e+04 1.218376e+04 1.229085e+04
4.5 1.276407e+04 1.241204e+04 1.244772e+04 1.279975e+04
5.5 1.295848e+04 1.252868e+04 1.254359e+04 1.297339e+04
6.5 1.321935e+04 1.254269e+04 1.254710e+04 1.322377e+04
7.5 1.299353e+04 1.251022e+04 1.251080e+04 1.299411e+04
8.5 1.292949e+04 1.246536e+04 1.246584e+04 1.292997e+04
9.5 1.269426e+04 1.242636e+04 1.242832e+04 1.269623e+04
10.5 1.232017e+04 1.240820e+04 1.240211e+04 1.231408e+04
11.5 1.144085e+04 1.230130e+04 1.226200e+04 1.140154e+04
12.5 1.076747e+04 1.187667e+04 1.181216e+04 1.070296e+04
13.5 1.038164e+04 1.139892e+04 1.134906e+04 1.033179e+04
14.5 1.023988e+04 1.110472e+04 1.108376e+04 1.021891e+04
15.5 1.047448e+04 1.098775e+04 1.098737e+04 1.047410e+04
16.5 1.041713e+04 1.097363e+04 1.098367e+04 1.042717e+04
17.5 1.014123e+04 1.100602e+04 1.101988e+04 1.015509e+04
18.5 1.014946e+04 1.105076e+04 1.106473e+04 1.016343e+04
19.5 1.042229e+04 1.108944e+04 1.110209e+04 1.043494e+04
20.5 1.041698e+04 1.108700e+04 1.112712e+04 1.045710e+04
21.5 1.040859e+04 1.100278e+04 1.114143e+04 1.054724e+04
22.5 1.029604e+04 1.094382e+04 1.114864e+04 1.050086e+04
23.5 1.040730e+04 1.100059e+04 1.115191e+04 1.055862e+04
24.5 1.073108e+04 1.109363e+04 1.115327e+04 1.079072e+04
25.5 1.094498e+04 1.115734e+04 1.115374e+04 1.094137e+04
26.5 1.097097e+04 1.118842e+04 1.115386e+04 1.093642e+04
27.5 1.113016e+04 1.119881e+04 1.115386e+04 1.108521e+04
0.5 1.193581e+04 1.112576e+04 1.115302e+04 1.196306e+04
1.5 1.198397e+04 1.122112e+04 1.127849e+04 1.204134e+04
2.5 1.214989e+04 1.164004e+04 1.172074e+04 1.223058e+04
3.5 1.219630e+04 1.211508e+04 1.218015e+04 1.226136e+04
4.5 1.262014e+04 1.240792e+04 1.244364e+04 1.265586e+04
5.5 1.286363e+04 1.252404e+04 1.253899e+04 1.287858e+04
6.5 1.274484e+04 1.253749e+04 1.254196e+04 1.274931e+04
7.5 1.197024e+04 1.250450e+04 1.250515e+04 1.197089e+04
8.5 1.120715e+04 1.245915e+04 1.245972e+04 1.120772e+04
9.5 1.103578e+04 1.241968e+04 1.242175e+04 1.103785e+04
10.5 1.119639e+04 1.240105e+04 1.239508e+04 1.119042e+04
11.5 1.141113e+04 1.229365e+04 1.225447e+04 1.137195e+04
12.5 1.162229e+04 1.186847e+04 1.180409e+04 1.155791e+04
13.5 1.160172e+04 1.139012e+04 1.134041e+04 1.155200e+04
14.5 1.148172e+04 1.109527e+04 1.107446e+04 1.146091e+04
15.5 1.134858e+04 1.097760e+04 1.097737e+04 1.134835e+04
16.5 1.113950e+04 1.096270e+04 1.097290e+04 1.114969e+04
17.5 1.078149e+04 1.099419e+04 1.100820e+04 1.079550e+04
18.5 1.087656e+04 1.103788e+04 1.105198e+04 1.089067e+04
19.5 1.084647e+04 1.107537e+04 1.108815e+04 1.085925e+04
20.5 1.096507e+04 1.107160e+04 1.111186e+04 1.100533e+04
21.5 1.100480e+04 1.098596e+04 1.112475e+04 1.114358e+04
22.5 1.112630e+04 1.092546e+04 1.113042e+04 1.133127e+04
23.5 1.115137e+04 1.098057e+04 1.113205e+04 1.130285e+04
24.5 1.120440e+04 1.107182e+04 1.113165e+04 1.126423e+04
25.5 1.178259e+04 1.113367e+04 1.113028e+04 1.177920e+04
26.5 1.192118e+04 1.116277e+04 1.112844e+04 1.188685e+04
27.5 1.181911e+04 1.117102e+04 1.112632e+04 1.177441e+04
0.5 1.162115e+04 1.105560e+04 1.108296e+04 1.164851e+04
1.5 1.136286e+04 1.114626e+04 1.120369e+04 1.142029e+04
2.5 1.124548e+04 1.156035e+04 1.164106e+04 1.132619e+04
3.5 1.115130e+04 1.203044e+04 1.209546e+04 1.121632e+04
4.5 1.110716e+04 1.231822e+04 1.235383e+04 1.114278e+04
5.5 1.197832e+04 1.242921e+04 1.244398e+04 1.199310e+04
6.5 1.251159e+04 1.243745e+04 1.244167e+04 1.251581e+04
7.5 1.286669e+04 1.239923e+04 1.239957e+04 1.286703e+04
8.5 1.285341e+04 1.234887e+04 1.234908e+04 1.285362e+04
9.5 1.282333e+04 1.230467e+04 1.230631e+04 1.282497e+04
10.5 1.249444e+04 1.228154e+04 1.227505e+04 1.248794e+04
11.5 1.180846e+04 1.216981e+04 1.213000e+04 1.176865e+04
12.5 1.095172e+04 1.174043e+04 1.167529e+04 1.088658e+04
13.5 1.064980e+04 1.125802e+04 1.120740e+04 1.059918e+04
14.5 1.046691e+04 1.095926e+04 1.093739e+04 1.044504e+04
15.5 1.042139e+04 1.083788e+04 1.083643e+04 1.041995e+04
16.5 1.068968e+04 1.081955e+04 1.082833e+04 1.069847e+04
17.5 1.101752e+04 1.084804e+04 1.086030e+04 1.102978e+04
18.5 1.114295e+04 1.088920e+04 1.090111e+04 1.115486e+04
