0.5 1.180232e+04 1.181713e+04 1.182726e+04 1.181245e+04
1.5 1.185250e+04 1.181377e+04 1.184112e+04 1.187986e+04
2.5 1.191333e+04 1.184941e+04 1.189007e+04 1.195399e+04
3.5 1.195633e+04 1.190560e+04 1.194096e+04 1.199169e+04
4.5 1.198444e+04 1.194691e+04 1.197020e+04 1.200774e+04
5.5 1.199427e+04 1.196594e+04 1.198087e+04 1.200921e+04
6.5 1.200487e+04 1.197016e+04 1.198136e+04 1.201607e+04
7.5 1.201902e+04 1.196701e+04 1.197747e+04 1.202949e+04
8.5 1.197724e+04 1.196127e+04 1.197267e+04 1.198864e+04
9.5 1.192150e+04 1.195570e+04 1.196872e+04 1.193452e+04
10.5 1.189148e+04 1.195583e+04 1.196604e+04 1.190168e+04
11.5 1.190071e+04 1.195505e+04 1.195076e+04 1.189641e+04
12.5 1.189378e+04 1.191641e+04 1.190121e+04 1.187857e+04
13.5 1.183316e+04 1.185794e+04 1.185019e+04 1.182540e+04
14.5 1.178208e+04 1.181477e+04 1.182105e+04 1.178836e+04
15.5 1.178329e+04 1.179411e+04 1.181060e+04 1.179977e+04
16.5 1.178493e+04 1.178842e+04 1.181039e+04 1.180690e+04
17.5 1.173658e+04 1.179020e+04 1.181459e+04 1.176097e+04
18.5 1.169544e+04 1.179467e+04 1.181972e+04 1.172049e+04
19.5 1.172384e+04 1.179911e+04 1.182402e+04 1.174875e+04
20.5 1.177822e+04 1.180333e+04 1.182695e+04 1.180183e+04
21.5 1.183250e+04 1.182097e+04 1.182869e+04 1.184022e+04
22.5 1.186896e+04 1.186842e+04 1.182963e+04 1.183017e+04
23.5 1.192055e+04 1.191322e+04 1.183013e+04 1.183747e+04
24.5 1.195817e+04 1.193681e+04 1.183042e+04 1.185177e+04
25.5 1.204478e+04 1.194427e+04 1.183061e+04 1.193112e+04
26.5 1.210007e+04 1.194341e+04 1.183075e+04 1.198740e+04
27.5 1.200598e+04 1.193920e+04 1.183087e+04 1.189765e+04
0.5 1.175750e+04 1.179567e+04 1.183195e+04 1.179378e+04
1.5 1.186804e+04 1.179477e+04 1.184589e+04 1.191917e+04
2.5 1.191312e+04 1.183214e+04 1.189489e+04 1.197587e+04
3.5 1.194465e+04 1.188966e+04 1.194579e+04 1.200078e+04
4.5 1.196611e+04 1.193208e+04 1.197501e+04 1.200905e+04
5.5 1.199121e+04 1.195209e+04 1.198564e+04 1.202476e+04
6.5 1.203652e+04 1.195722e+04 1.198605e+04 1.206535e+04
7.5 1.202653e+04 1.195491e+04 1.198206e+04 1.205368e+04
8.5 1.196409e+04 1.194993e+04 1.197711e+04 1.199127e+04
9.5 1.191167e+04 1.194507e+04 1.197300e+04 1.193960e+04
10.5 1.192800e+04 1.194587e+04 1.197013e+04 1.195227e+04
11.5 1.195228e+04 1.194571e+04 1.195467e+04 1.196123e+04
12.5 1.195523e+04 1.190766e+04 1.190493e+04 1.195249e+04
13.5 1.188905e+04 1.184975e+04 1.185372e+04 1.189302e+04
14.5 1.177860e+04 1.180710e+04 1.182439e+04 1.179588e+04
15.5 1.171370e+04 1.178695e+04 1.181375e+04 1.174051e+04
16.5 1.170216e+04 1.178171e+04 1.181336e+04 1.173380e+04
17.5 1.174116e+04 1.178394e+04 1.181738e+04 1.177459e+04
18.5 1.178163e+04 1.178885e+04 1.182236e+04 1.181514e+04
19.5 1.182554e+04 1.179370e+04 1.182650e+04 1.185835e+04
20.5 1.183634e+04 1.179831e+04 1.182928e+04 1.186731e+04
21.5 1.178956e+04 1.181631e+04 1.183087e+04 1.180412e+04
22.5 1.180913e+04 1.186410e+04 1.183168e+04 1.177671e+04
23.5 1.192295e+04 1.190923e+04 1.183205e+04 1.184578e+04
24.5 1.199718e+04 1.193312e+04 1.183221e+04 1.189627e+04
25.5 1.197725e+04 1.194086e+04 1.183227e+04 1.186866e+04
26.5 1.191643e+04 1.194026e+04 1.183229e+04 1.180847e+04
27.5 1.192043e+04 1.193628e+04 1.183230e+04 1.181645e+04
0.5 1.164534e+04 1.179466e+04 1.183246e+04 1.168314e+04
1.5 1.168830e+04 1.179387e+04 1.184638e+04 1.174082e+04
2.5 1.179050e+04 1.183134e+04 1.189535e+04 1.185451e+04
3.5 1.187463e+04 1.188894e+04 1.194622e+04 1.193191e+04
4.5 1.192134e+04 1.193144e+04 1.197543e+04 1.196533e+04
5.5 1.194839e+04 1.195153e+04 1.198604e+04 1.198290e+04
6.5 1.196267e+04 1.195672e+04 1.198642e+04 1.199237e+04
7.5 1.197881e+04 1.195447e+04 1.198241e+04 1.200675e+04
8.5 1.202518e+04 1.194954e+04 1.197743e+04 1.205307e+04
9.5 1.201335e+04 1.194471e+04 1.197328e+04 1.204191e+04
10.5 1.197354e+04 1.194554e+04 1.197038e+04 1.199838e+04
11.5 1.193524e+04 1.194540e+04 1.195488e+04 1.194472e+04
12.5 1.192888e+04 1.190737e+04 1.190511e+04 1.192662e+04
13.5 1.193639e+04 1.184947e+04 1.185388e+04 1.194080e+04
14.5 1.195762e+04 1.180684e+04 1.182452e+04 1.197530e+04
15.5 1.196397e+04 1.178670e+04 1.181386e+04 1.199113e+04
16.5 1.194387e+04 1.178148e+04 1.181345e+04 1.197584e+04
17.5 1.191323e+04 1.178373e+04 1.181746e+04 1.194696e+04
18.5 1.185184e+04 1.178866e+04 1.182242e+04 1.188560e+04
19.5 1.181201e+04 1.179353e+04 1.182655e+04 1.184503e+04
20.5 1.182627e+04 1.179818e+04 1.182932e+04 1.185742e+04
21.5 1.188693e+04 1.181620e+04 1.183090e+04 1.190163e+04
22.5 1.195273e+04 1.186402e+04 1.183170e+04 1.192041e+04
23.5 1.202705e+04 1.190916e+04 1.183206e+04 1.194995e+04
24.5 1.216885e+04 1.193308e+04 1.183221e+04 1.206799e+04
25.5 1.216977e+04 1.194083e+04 1.183227e+04 1.206121e+04
26.5 1.213102e+04 1.194025e+04 1.183229e+04 1.202307e+04
27.5 1.195558e+04 1.193628e+04 1.183230e+04 1.185160e+04
0.5 1.167149e+04 1.179466e+04 1.183246e+04 1.170928e+04
1.5 1.167133e+04 1.179387e+04 1.184638e+04 1.172384e+04
2.5 1.165894e+04 1.183134e+04 1.189535e+04 1.172296e+04
3.5 1.166786e+04 1.188894e+04 1.194622e+04 1.172514e+04
4.5 1.174959e+04 1.193144e+04 1.197543e+04 1.179357e+04
5.5 1.186408e+04 1.195152e+04 1.198603e+04 1.189860e+04
6.5 1.192837e+04 1.195670e+04 1.198641e+04 1.195808e+04
7.5 1.197500e+04 1.195444e+04 1.198240e+04 1.200296e+04
8.5 1.200582e+04 1.194951e+04 1.197744e+04 1.203375e+04
9.5 1.201587e+04 1.194469e+04 1.197331e+04 1.204449e+04
10.5 1.198934e+04 1.194552e+04 1.197044e+04 1.201425e+04
11.5 1.194892e+04 1.194540e+04 1.195496e+04 1.195848e+04
12.5 1.193576e+04 1.190739e+04 1.190523e+04 1.193360e+04
13.5 1.187955e+04 1.184951e+04 1.185403e+04 1.188406e+04
14.5 1.181861e+04 1.180690e+04 1.182471e+04 1.183643e+04
15.5 1.178639e+04 1.178678e+04 1.181409e+04 1.181370e+04
16.5 1.177649e+04 1.178159e+04 1.181372e+04 1.180863e+04
17.5 1.176523e+04 1.178386e+04 1.181777e+04 1.179915e+04
18.5 1.180117e+04 1.178880e+04 1.182277e+04 1.183514e+04
19.5 1.191912e+04 1.179368e+04 1.182694e+04 1.195238e+04
20.5 1.197818e+04 1.179833e+04 1.182975e+04 1.200960e+04
21.5 1.196434e+04 1.181635e+04 1.183137e+04 1.197935e+04
22.5 1.193601e+04 1.186418e+04 1.183221e+04 1.190405e+04
23.5 1.189568e+04 1.190932e+04 1.183263e+04 1.181898e+04
24.5 1.197544e+04 1.193324e+04 1.183283e+04 1.187503e+04
25.5 1.198898e+04 1.194100e+04 1.183295e+04 1.188093e+04
26.5 1.192169e+04 1.194043e+04 1.183304e+04 1.181430e+04
27.5 1.183405e+04 1.193649e+04 1.183312e+04 1.173069e+04
0.5 1.176371e+04 1.179563e+04 1.183512e+04 1.180320e+04
1.5 1.180935e+04 1.179491e+04 1.184927e+04 1.186371e+04
2.5 1.183812e+04 1.183247e+04 1.189849e+04 1.190415e+04
3.5 1.184595e+04 1.189016e+04 1.194963e+04 1.190542e+04
4.5 1.188675e+04 1.193275e+04 1.197913e+04 1.193312e+04
5.5 1.201546e+04 1.195295e+04 1.199005e+04 1.205256e+04
6.5 1.207459e+04 1.195826e+04 1.199077e+04 1.210711e+04
7.5 1.207053e+04 1.195613e+04 1.198713e+04 1.210153e+04
8.5 1.204107e+04 1.195136e+04 1.198258e+04 1.207229e+04
9.5 1.200131e+04 1.194672e+04 1.197889e+04 1.203348e+04
10.5 1.193757e+04 1.194774e+04 1.197649e+04 1.196632e+04
11.5 1.182295e+04 1.194783e+04 1.196152e+04 1.183664e+04
12.5 1.175979e+04 1.191005e+04 1.191233e+04 1.176206e+04
13.5 1.175299e+04 1.185242e+04 1.186170e+04 1.176227e+04
14.5 1.177551e+04 1.181007e+04 1.183300e+04 1.179844e+04
15.5 1.183381e+04 1.179024e+04 1.182302e+04 1.186660e+04
16.5 1.189048e+04 1.178535e+04 1.182334e+04 1.192848e+04
17.5 1.188389e+04 1.178794e+04 1.182811e+04 1.192407e+04
18.5 1.182310e+04 1.179321e+04 1.183387e+04 1.186376e+04
19.5 1.182052e+04 1.179844e+04 1.183885e+04 1.186093e+04
20.5 1.188030e+04 1.180344e+04 1.184250e+04 1.191935e+04
21.5 1.185483e+04 1.182186e+04 1.184501e+04 1.187798e+04
22.5 1.184052e+04 1.187009e+04 1.184678e+04 1.181721e+04
23.5 1.180323e+04 1.191568e+04 1.184816e+04 1.173571e+04
24.5 1.181999e+04 1.194007e+04 1.184938e+04 1.172931e+04
25.5 1.200178e+04 1.194833e+04 1.185056e+04 1.190400e+04
26.5 1.211839e+04 1.194830e+04 1.185174e+04 1.202183e+04
27.5 1.210891e+04 1.194494e+04 1.185296e+04 1.201693e+04
