0.5 1.122293e+04 1.120527e+04 1.145498e+04 1.147264e+04
1.5 1.146494e+04 1.129542e+04 1.142030e+04 1.158982e+04
2.5 1.182350e+04 1.170950e+04 1.139418e+04 1.150818e+04
3.5 1.209060e+04 1.218005e+04 1.140832e+04 1.131887e+04
4.5 1.243348e+04 1.246874e+04 1.143695e+04 1.140169e+04
5.5 1.288432e+04 1.258105e+04 1.145739e+04 1.176066e+04
6.5 1.314148e+04 1.259101e+04 1.146772e+04 1.201820e+04
7.5 1.296933e+04 1.255480e+04 1.147146e+04 1.188600e+04
8.5 1.278594e+04 1.250655e+04 1.147149e+04 1.175088e+04
9.5 1.266292e+04 1.246446e+04 1.146996e+04 1.166842e+04
10.5 1.277103e+04 1.244347e+04 1.147797e+04 1.180553e+04
11.5 1.303572e+04 1.233395e+04 1.151116e+04 1.221293e+04
12.5 1.277758e+04 1.190687e+04 1.153634e+04 1.240705e+04
13.5 1.202510e+04 1.142682e+04 1.152166e+04 1.211994e+04
14.5 1.109577e+04 1.113047e+04 1.149274e+04 1.145804e+04
15.5 1.078600e+04 1.101150e+04 1.147214e+04 1.124664e+04
16.5 1.060918e+04 1.099550e+04 1.146171e+04 1.107539e+04
17.5 1.028545e+04 1.102616e+04 1.145789e+04 1.071718e+04
18.5 1.013658e+04 1.106928e+04 1.145780e+04 1.052509e+04
19.5 1.024009e+04 1.110644e+04 1.145935e+04 1.059301e+04
20.5 1.064714e+04 1.110257e+04 1.146115e+04 1.100572e+04
21.5 1.102021e+04 1.101702e+04 1.146254e+04 1.146572e+04
22.5 1.093988e+04 1.095683e+04 1.146339e+04 1.144645e+04
23.5 1.075755e+04 1.101246e+04 1.146384e+04 1.120893e+04
24.5 1.071233e+04 1.110443e+04 1.146404e+04 1.107193e+04
25.5 1.100919e+04 1.116723e+04 1.146412e+04 1.130608e+04
26.5 1.146153e+04 1.119750e+04 1.146414e+04 1.172817e+04
27.5 1.141310e+04 1.120716e+04 1.146415e+04 1.167009e+04
0.5 1.136427e+04 1.113011e+04 1.145412e+04 1.168828e+04
1.5 1.122535e+04 1.122543e+04 1.141949e+04 1.141941e+04
2.5 1.121219e+04 1.164441e+04 1.139341e+04 1.096119e+04
3.5 1.178139e+04 1.211958e+04 1.140759e+04 1.106940e+04
4.5 1.224672e+04 1.241263e+04 1.143626e+04 1.127035e+04
5.5 1.270612e+04 1.252906e+04 1.145675e+04 1.163381e+04
6.5 1.279215e+04 1.254284e+04 1.146713e+04 1.171644e+04
7.5 1.284751e+04 1.251018e+04 1.147091e+04 1.180824e+04
8.5 1.309700e+04 1.246521e+04 1.147097e+04 1.210276e+04
9.5 1.314634e+04 1.242618e+04 1.146948e+04 1.218964e+04
10.5 1.303322e+04 1.240804e+04 1.147752e+04 1.210270e+04
11.5 1.268962e+04 1.230119e+04 1.151074e+04 1.189917e+04
12.5 1.241891e+04 1.187660e+04 1.153595e+04 1.207826e+04
13.5 1.228423e+04 1.139888e+04 1.152129e+04 1.240664e+04
14.5 1.173277e+04 1.110470e+04 1.149240e+04 1.212048e+04
15.5 1.102317e+04 1.098774e+04 1.147183e+04 1.150726e+04
16.5 1.051837e+04 1.097362e+04 1.146141e+04 1.100616e+04
17.5 1.059046e+04 1.100602e+04 1.145761e+04 1.104205e+04
18.5 1.039589e+04 1.105076e+04 1.145754e+04 1.080266e+04
19.5 1.027430e+04 1.108944e+04 1.145911e+04 1.064397e+04
20.5 1.012527e+04 1.108700e+04 1.146093e+04 1.049920e+04
21.5 1.023304e+04 1.100278e+04 1.146233e+04 1.069259e+04
22.5 1.053347e+04 1.094382e+04 1.146320e+04 1.105286e+04
23.5 1.078722e+04 1.100059e+04 1.146366e+04 1.125030e+04
24.5 1.080637e+04 1.109361e+04 1.146388e+04 1.117664e+04
25.5 1.097506e+04 1.115737e+04 1.146397e+04 1.128166e+04
26.5 1.113350e+04 1.118853e+04 1.146401e+04 1.140897e+04
27.5 1.125579e+04 1.119903e+04 1.146402e+04 1.152078e+04
0.5 1.135892e+04 1.112824e+04 1.145405e+04 1.168473e+04
1.5 1.140457e+04 1.122394e+04 1.141943e+04 1.160006e+04
2.5 1.175370e+04 1.164326e+04 1.139336e+04 1.150379e+04
3.5 1.222582e+04 1.211873e+04 1.140755e+04 1.151464e+04
4.5 1.276407e+04 1.241204e+04 1.143623e+04 1.178826e+04
5.5 1.295848e+04 1.252868e+04 1.145671e+04 1.188651e+04
6.5 1.321935e+04 1.254269e+04 1.146709e+04 1.214376e+04
7.5 1.299353e+04 1.251022e+04 1.147089e+04 1.195419e+04
8.5 1.292949e+04 1.246536e+04 1.147097e+04 1.193510e+04
9.5 1.269426e+04 1.242636e+04 1.146948e+04 1.173739e+04
10.5 1.232017e+04 1.240820e+04 1.147753e+04 1.138950e+04
11.5 1.144085e+04 1.230130e+04 1.151075e+04 1.065029e+04
12.5 1.076747e+04 1.187667e+04 1.153595e+04 1.042675e+04
13.5 1.038164e+04 1.139892e+04 1.152130e+04 1.050402e+04
14.5 1.023988e+04 1.110472e+04 1.149241e+04 1.062756e+04
15.5 1.047448e+04 1.098775e+04 1.147183e+04 1.095856e+04
16.5 1.041713e+04 1.097363e+04 1.146141e+04 1.090492e+04
17.5 1.014123e+04 1.100602e+04 1.145761e+04 1.059283e+04
18.5 1.014946e+04 1.105076e+04 1.145754e+04 1.055624e+04
19.5 1.042229e+04 1.108944e+04 1.145911e+04 1.079196e+04
20.5 1.041698e+04 1.108700e+04 1.146093e+04 1.079091e+04
21.5 1.040859e+04 1.100278e+04 1.146233e+04 1.086814e+04
22.5 1.029604e+04 1.094382e+04 1.146320e+04 1.081542e+04
23.5 1.040730e+04 1.100059e+04 1.146366e+04 1.087038e+04
24.5 1.073108e+04 1.109363e+04 1.146388e+04 1.110133e+04
25.5 1.094498e+04 1.115734e+04 1.146398e+04 1.125162e+04
26.5 1.097097e+04 1.118842e+04 1.146402e+04 1.124657e+04
27.5 1.113016e+04 1.119881e+04 1.146403e+04 1.139538e+04
0.5 1.193581e+04 1.112576e+04 1.145411e+04 1.226415e+04
1.5 1.198397e+04 1.122112e+04 1.141949e+04 1.218234e+04
2.5 1.214989e+04 1.164004e+04 1.139342e+04 1.190326e+04
3.5 1.219630e+04 1.211508e+04 1.140762e+04 1.148884e+04
4.5 1.262014e+04 1.240792e+04 1.143630e+04 1.164852e+04
5.5 1.286363e+04 1.252404e+04 1.145679e+04 1.179638e+04
6.5 1.274484e+04 1.253749e+04 1.146717e+04 1.167452e+04
7.5 1.197024e+04 1.250450e+04 1.147096e+04 1.093671e+04
8.5 1.120715e+04 1.245915e+04 1.147104e+04 1.021903e+04
9.5 1.103578e+04 1.241968e+04 1.146955e+04 1.008565e+04
10.5 1.119639e+04 1.240105e+04 1.147760e+04 1.027294e+04
11.5 1.141113e+04 1.229365e+04 1.151083e+04 1.062831e+04
12.5 1.162229e+04 1.186847e+04 1.153604e+04 1.128986e+04
13.5 1.160172e+04 1.139012e+04 1.152139e+04 1.173299e+04
14.5 1.148172e+04 1.109527e+04 1.149251e+04 1.187896e+04
15.5 1.134858e+04 1.097760e+04 1.147194e+04 1.184292e+04
16.5 1.113950e+04 1.096270e+04 1.146154e+04 1.163834e+04
17.5 1.078149e+04 1.099419e+04 1.145777e+04 1.124507e+04
18.5 1.087656e+04 1.103788e+04 1.145771e+04 1.129640e+04
19.5 1.084647e+04 1.107537e+04 1.145930e+04 1.123041e+04
20.5 1.096507e+04 1.107160e+04 1.146114e+04 1.135460e+04
21.5 1.100480e+04 1.098596e+04 1.146256e+04 1.148140e+04
22.5 1.112630e+04 1.092546e+04 1.146345e+04 1.166429e+04
23.5 1.115137e+04 1.098057e+04 1.146392e+04 1.163472e+04
24.5 1.120440e+04 1.107182e+04 1.146416e+04 1.159674e+04
25.5 1.178259e+04 1.113367e+04 1.146427e+04 1.211319e+04
26.5 1.192118e+04 1.116277e+04 1.146433e+04 1.222274e+04
27.5 1.181911e+04 1.117102e+04 1.146437e+04 1.211245e+04
0.5 1.162115e+04 1.105560e+04 1.145481e+04 1.202036e+04
1.5 1.136286e+04 1.114626e+04 1.142022e+04 1.163682e+04
2.5 1.124548e+04 1.156035e+04 1.139417e+04 1.107930e+04
3.5 1.115130e+04 1.203044e+04 1.140838e+04 1.052925e+04
4.5 1.110716e+04 1.231822e+04 1.143708e+04 1.022602e+04
5.5 1.197832e+04 1.242921e+04 1.145758e+04 1.100670e+04
6.5 1.251159e+04 1.243745e+04 1.146797e+04 1.154211e+04
7.5 1.286669e+04 1.239923e+04 1.147174e+04 1.193919e+04
8.5 1.285341e+04 1.234887e+04 1.147177e+04 1.197632e+04
9.5 1.282333e+04 1.230467e+04 1.147025e+04 1.198891e+04
10.5 1.249444e+04 1.228154e+04 1.147827e+04 1.169116e+04
11.5 1.180846e+04 1.216981e+04 1.151147e+04 1.115012e+04
12.5 1.095172e+04 1.174043e+04 1.153666e+04 1.074795e+04
13.5 1.064980e+04 1.125802e+04 1.152199e+04 1.091377e+04
14.5 1.046691e+04 1.095926e+04 1.149308e+04 1.100074e+04
15.5 1.042139e+04 1.083788e+04 1.147248e+04 1.105600e+04
16.5 1.068968e+04 1.081955e+04 1.146204e+04 1.133217e+04
17.5 1.101752e+04 1.084804e+04 1.145821e+04 1.162769e+04
18.5 1.114295e+04 1.088920e+04 1.145810e+04 1.171185e+04
