0.5 1.128982e+04 1.129120e+04 1.134014e+04 1.133875e+04
1.5 1.132647e+04 1.129493e+04 1.134051e+04 1.137205e+04
2.5 1.131273e+04 1.129832e+04 1.134184e+04 1.135624e+04
3.5 1.131934e+04 1.130001e+04 1.134322e+04 1.136256e+04
4.5 1.130415e+04 1.130037e+04 1.134401e+04 1.134779e+04
5.5 1.136404e+04 1.130032e+04 1.134429e+04 1.140801e+04
6.5 1.138948e+04 1.130021e+04 1.134429e+04 1.143357e+04
7.5 1.129895e+04 1.130013e+04 1.134417e+04 1.134299e+04
8.5 1.123694e+04 1.130012e+04 1.134402e+04 1.128084e+04
9.5 1.122410e+04 1.130017e+04 1.134390e+04 1.126783e+04
10.5 1.129036e+04 1.129997e+04 1.134381e+04 1.133420e+04
11.5 1.133808e+04 1.129870e+04 1.134337e+04 1.138275e+04
12.5 1.130853e+04 1.129672e+04 1.134200e+04 1.135381e+04
13.5 1.128238e+04 1.129581e+04 1.134058e+04 1.132715e+04
14.5 1.131345e+04 1.129591e+04 1.133977e+04 1.135731e+04
15.5 1.134377e+04 1.129627e+04 1.133947e+04 1.138697e+04
16.5 1.130167e+04 1.129663e+04 1.133945e+04 1.134450e+04
17.5 1.126143e+04 1.129691e+04 1.133956e+04 1.130407e+04
18.5 1.125706e+04 1.129711e+04 1.133969e+04 1.129964e+04
19.5 1.127289e+04 1.129723e+04 1.133980e+04 1.131546e+04
20.5 1.133271e+04 1.129559e+04 1.133987e+04 1.137698e+04
21.5 1.140348e+04 1.130609e+04 1.133991e+04 1.143730e+04
22.5 1.142101e+04 1.136089e+04 1.133993e+04 1.140004e+04
23.5 1.145925e+04 1.142556e+04 1.133993e+04 1.137362e+04
24.5 1.149577e+04 1.146654e+04 1.133993e+04 1.136917e+04
25.5 1.152014e+04 1.148333e+04 1.133993e+04 1.137675e+04
26.5 1.153993e+04 1.148577e+04 1.133993e+04 1.139409e+04
27.5 1.152691e+04 1.148161e+04 1.133993e+04 1.138523e+04
0.5 1.129771e+04 1.129388e+04 1.133991e+04 1.134375e+04
1.5 1.125989e+04 1.129745e+04 1.134029e+04 1.130273e+04
2.5 1.129230e+04 1.130068e+04 1.134164e+04 1.133326e+04
3.5 1.134892e+04 1.130221e+04 1.134304e+04 1.138975e+04
4.5 1.136354e+04 1.130243e+04 1.134384e+04 1.140495e+04
5.5 1.128604e+04 1.130224e+04 1.134413e+04 1.132793e+04
6.5 1.121323e+04 1.130199e+04 1.134414e+04 1.125538e+04
7.5 1.123005e+04 1.130178e+04 1.134403e+04 1.127230e+04
8.5 1.130521e+04 1.130165e+04 1.134389e+04 1.134746e+04
9.5 1.127994e+04 1.130158e+04 1.134378e+04 1.132214e+04
10.5 1.122963e+04 1.130127e+04 1.134370e+04 1.127206e+04
11.5 1.120809e+04 1.129990e+04 1.134327e+04 1.125146e+04
12.5 1.132883e+04 1.129781e+04 1.134191e+04 1.137292e+04
13.5 1.143711e+04 1.129682e+04 1.134050e+04 1.148079e+04
14.5 1.139507e+04 1.129683e+04 1.133969e+04 1.143793e+04
15.5 1.131707e+04 1.129712e+04 1.133940e+04 1.135935e+04
16.5 1.128757e+04 1.129740e+04 1.133938e+04 1.132955e+04
17.5 1.128503e+04 1.129762e+04 1.133950e+04 1.132691e+04
18.5 1.125184e+04 1.129777e+04 1.133963e+04 1.129370e+04
19.5 1.122489e+04 1.129785e+04 1.133975e+04 1.126679e+04
20.5 1.121614e+04 1.129618e+04 1.133982e+04 1.125978e+04
21.5 1.126466e+04 1.130665e+04 1.133986e+04 1.129788e+04
22.5 1.137408e+04 1.136142e+04 1.133989e+04 1.135254e+04
23.5 1.144240e+04 1.142607e+04 1.133990e+04 1.135623e+04
24.5 1.147358e+04 1.146702e+04 1.133990e+04 1.134645e+04
25.5 1.149336e+04 1.148379e+04 1.133990e+04 1.134947e+04
26.5 1.150560e+04 1.148621e+04 1.133990e+04 1.135929e+04
27.5 1.150803e+04 1.148203e+04 1.133990e+04 1.136591e+04
0.5 1.132534e+04 1.129393e+04 1.133991e+04 1.137132e+04
1.5 1.137583e+04 1.129748e+04 1.134029e+04 1.141863e+04
2.5 1.140442e+04 1.130070e+04 1.134164e+04 1.144535e+04
3.5 1.141275e+04 1.130223e+04 1.134304e+04 1.145356e+04
4.5 1.149408e+04 1.130244e+04 1.134384e+04 1.153548e+04
5.5 1.145745e+04 1.130224e+04 1.134413e+04 1.149934e+04
6.5 1.139525e+04 1.130199e+04 1.134414e+04 1.143740e+04
7.5 1.123491e+04 1.130178e+04 1.134403e+04 1.127716e+04
8.5 1.114158e+04 1.130165e+04 1.134389e+04 1.118383e+04
9.5 1.114314e+04 1.130158e+04 1.134378e+04 1.118534e+04
10.5 1.114418e+04 1.130127e+04 1.134370e+04 1.118661e+04
11.5 1.114650e+04 1.129990e+04 1.134327e+04 1.118987e+04
12.5 1.123141e+04 1.129781e+04 1.134191e+04 1.127550e+04
13.5 1.125728e+04 1.129682e+04 1.134050e+04 1.130096e+04
14.5 1.125807e+04 1.129683e+04 1.133969e+04 1.130093e+04
15.5 1.129871e+04 1.129712e+04 1.133940e+04 1.134099e+04
16.5 1.128763e+04 1.129740e+04 1.133938e+04 1.132961e+04
17.5 1.121611e+04 1.129762e+04 1.133950e+04 1.125799e+04
18.5 1.119030e+04 1.129777e+04 1.133963e+04 1.123216e+04
19.5 1.121984e+04 1.129785e+04 1.133975e+04 1.126174e+04
20.5 1.124326e+04 1.129618e+04 1.133982e+04 1.128691e+04
21.5 1.124127e+04 1.130665e+04 1.133986e+04 1.127448e+04
22.5 1.122549e+04 1.136142e+04 1.133989e+04 1.120395e+04
23.5 1.123884e+04 1.142607e+04 1.133990e+04 1.115267e+04
24.5 1.130867e+04 1.146702e+04 1.133990e+04 1.118155e+04
25.5 1.140683e+04 1.148378e+04 1.133990e+04 1.126295e+04
26.5 1.145448e+04 1.148620e+04 1.133990e+04 1.130819e+04
27.5 1.149313e+04 1.148202e+04 1.133990e+04 1.135102e+04
0.5 1.141364e+04 1.129443e+04 1.133990e+04 1.145911e+04
1.5 1.136173e+04 1.129803e+04 1.134028e+04 1.140398e+04
2.5 1.130145e+04 1.130130e+04 1.134163e+04 1.134178e+04
3.5 1.127892e+04 1.130289e+04 1.134303e+04 1.131906e+04
4.5 1.135232e+04 1.130317e+04 1.134383e+04 1.139298e+04
5.5 1.132960e+04 1.130304e+04 1.134412e+04 1.137067e+04
6.5 1.130019e+04 1.130287e+04 1.134413e+04 1.134145e+04
7.5 1.126711e+04 1.130275e+04 1.134401e+04 1.130838e+04
8.5 1.133644e+04 1.130271e+04 1.134388e+04 1.137760e+04
9.5 1.137201e+04 1.130274e+04 1.134376e+04 1.141303e+04
10.5 1.141278e+04 1.130255e+04 1.134368e+04 1.145391e+04
11.5 1.143957e+04 1.130131e+04 1.134325e+04 1.148152e+04
12.5 1.146952e+04 1.129936e+04 1.134188e+04 1.151205e+04
13.5 1.142974e+04 1.129851e+04 1.134047e+04 1.147170e+04
14.5 1.132389e+04 1.129868e+04 1.133966e+04 1.136487e+04
15.5 1.127069e+04 1.129915e+04 1.133937e+04 1.131091e+04
16.5 1.119951e+04 1.129962e+04 1.133935e+04 1.123924e+04
17.5 1.118088e+04 1.130005e+04 1.133946e+04 1.122029e+04
18.5 1.123455e+04 1.130042e+04 1.133959e+04 1.127372e+04
19.5 1.124921e+04 1.130073e+04 1.133970e+04 1.128819e+04
20.5 1.130427e+04 1.129931e+04 1.133977e+04 1.134474e+04
21.5 1.134440e+04 1.131005e+04 1.133981e+04 1.137416e+04
22.5 1.136388e+04 1.136512e+04 1.133983e+04 1.133859e+04
23.5 1.137402e+04 1.143008e+04 1.133984e+04 1.128378e+04
24.5 1.140791e+04 1.147138e+04 1.133984e+04 1.127636e+04
25.5 1.150939e+04 1.148851e+04 1.133983e+04 1.136071e+04
26.5 1.154737e+04 1.149133e+04 1.133983e+04 1.139587e+04
27.5 1.154025e+04 1.148759e+04 1.133982e+04 1.139248e+04
0.5 1.135391e+04 1.130951e+04 1.133969e+04 1.138409e+04
1.5 1.132016e+04 1.131416e+04 1.134005e+04 1.134605e+04
2.5 1.131339e+04 1.131854e+04 1.134139e+04 1.133623e+04
3.5 1.129755e+04 1.132128e+04 1.134277e+04 1.131903e+04
4.5 1.133350e+04 1.132277e+04 1.134355e+04 1.135429e+04
5.5 1.146276e+04 1.132390e+04 1.134383e+04 1.148270e+04
6.5 1.148922e+04 1.132504e+04 1.134382e+04 1.150800e+04
7.5 1.139719e+04 1.132628e+04 1.134369e+04 1.141461e+04
8.5 1.128551e+04 1.132765e+04 1.134354e+04 1.130140e+04
9.5 1.120521e+04 1.132914e+04 1.134341e+04 1.121947e+04
10.5 1.116866e+04 1.133046e+04 1.134331e+04 1.118152e+04
11.5 1.119309e+04 1.133077e+04 1.134287e+04 1.120520e+04
12.5 1.123272e+04 1.133042e+04 1.134149e+04 1.124379e+04
13.5 1.130608e+04 1.133121e+04 1.134007e+04 1.131494e+04
14.5 1.132802e+04 1.133306e+04 1.133924e+04 1.133420e+04
15.5 1.132975e+04 1.133525e+04 1.133894e+04 1.133344e+04
16.5 1.139243e+04 1.133748e+04 1.133891e+04 1.139386e+04
17.5 1.144506e+04 1.133968e+04 1.133901e+04 1.144439e+04
18.5 1.144298e+04 1.134179e+04 1.133913e+04 1.144032e+04
