0.5 1.194559e+04 1.189646e+04 1.195885e+04 1.200799e+04
1.5 1.200861e+04 1.192743e+04 1.196166e+04 1.204285e+04
2.5 1.207613e+04 1.202834e+04 1.196378e+04 1.201157e+04
3.5 1.215868e+04 1.212958e+04 1.196263e+04 1.199174e+04
4.5 1.222107e+04 1.218560e+04 1.196031e+04 1.199578e+04
5.5 1.233007e+04 1.220457e+04 1.195866e+04 1.208416e+04
6.5 1.239543e+04 1.220367e+04 1.195782e+04 1.214958e+04
7.5 1.230650e+04 1.219443e+04 1.195752e+04 1.206959e+04
8.5 1.221464e+04 1.218362e+04 1.195751e+04 1.198853e+04
9.5 1.217276e+04 1.217466e+04 1.195764e+04 1.195574e+04
10.5 1.223245e+04 1.216752e+04 1.195699e+04 1.202191e+04
11.5 1.227087e+04 1.213285e+04 1.195430e+04 1.209232e+04
12.5 1.220206e+04 1.202941e+04 1.195226e+04 1.212491e+04
13.5 1.201423e+04 1.192626e+04 1.195345e+04 1.204142e+04
14.5 1.185015e+04 1.186864e+04 1.195579e+04 1.193730e+04
15.5 1.178824e+04 1.184826e+04 1.195746e+04 1.189743e+04
16.5 1.171610e+04 1.184787e+04 1.195831e+04 1.182653e+04
17.5 1.164746e+04 1.185592e+04 1.195862e+04 1.175015e+04
18.5 1.163467e+04 1.186563e+04 1.195862e+04 1.172766e+04
19.5 1.165376e+04 1.187350e+04 1.195850e+04 1.173875e+04
20.5 1.178736e+04 1.187294e+04 1.195835e+04 1.187277e+04
21.5 1.188540e+04 1.185857e+04 1.195824e+04 1.198507e+04
22.5 1.186751e+04 1.185518e+04 1.195817e+04 1.197050e+04
23.5 1.184149e+04 1.187483e+04 1.195813e+04 1.192479e+04
24.5 1.182841e+04 1.189787e+04 1.195812e+04 1.188866e+04
25.5 1.189610e+04 1.191199e+04 1.195811e+04 1.194222e+04
26.5 1.200181e+04 1.191797e+04 1.195811e+04 1.204196e+04
27.5 1.196671e+04 1.191915e+04 1.195811e+04 1.200567e+04
0.5 1.194640e+04 1.188024e+04 1.195892e+04 1.202508e+04
1.5 1.190443e+04 1.191233e+04 1.196173e+04 1.195383e+04
2.5 1.192922e+04 1.201431e+04 1.196384e+04 1.187875e+04
3.5 1.207789e+04 1.211655e+04 1.196269e+04 1.192403e+04
4.5 1.221220e+04 1.217352e+04 1.196037e+04 1.199905e+04
5.5 1.227155e+04 1.219337e+04 1.195871e+04 1.203688e+04
6.5 1.224910e+04 1.219329e+04 1.195787e+04 1.201367e+04
7.5 1.228007e+04 1.218482e+04 1.195756e+04 1.205281e+04
8.5 1.233844e+04 1.217471e+04 1.195756e+04 1.212128e+04
9.5 1.232578e+04 1.216642e+04 1.195768e+04 1.211704e+04
10.5 1.224674e+04 1.215989e+04 1.195702e+04 1.204387e+04
11.5 1.215225e+04 1.212579e+04 1.195433e+04 1.198080e+04
12.5 1.213942e+04 1.202289e+04 1.195229e+04 1.206882e+04
13.5 1.213271e+04 1.192024e+04 1.195348e+04 1.216595e+04
14.5 1.196082e+04 1.186309e+04 1.195582e+04 1.205355e+04
15.5 1.177500e+04 1.184315e+04 1.195749e+04 1.188934e+04
16.5 1.170778e+04 1.184316e+04 1.195833e+04 1.182295e+04
17.5 1.171477e+04 1.185159e+04 1.195864e+04 1.182182e+04
18.5 1.167560e+04 1.186165e+04 1.195864e+04 1.177260e+04
19.5 1.164167e+04 1.186985e+04 1.195852e+04 1.173033e+04
20.5 1.161565e+04 1.186960e+04 1.195837e+04 1.170443e+04
21.5 1.168026e+04 1.185551e+04 1.195826e+04 1.178300e+04
22.5 1.176803e+04 1.185239e+04 1.195819e+04 1.187383e+04
23.5 1.183031e+04 1.187229e+04 1.195815e+04 1.191617e+04
24.5 1.185713e+04 1.189556e+04 1.195813e+04 1.191970e+04
25.5 1.189961e+04 1.190989e+04 1.195812e+04 1.194784e+04
26.5 1.193083e+04 1.191606e+04 1.195812e+04 1.197289e+04
27.5 1.195699e+04 1.191742e+04 1.195812e+04 1.199769e+04
0.5 1.195977e+04 1.187984e+04 1.195893e+04 1.203885e+04
1.5 1.203242e+04 1.191202e+04 1.196173e+04 1.208213e+04
2.5 1.211675e+04 1.201407e+04 1.196385e+04 1.206653e+04
3.5 1.220828e+04 1.211637e+04 1.196270e+04 1.205460e+04
4.5 1.238784e+04 1.217340e+04 1.196037e+04 1.217481e+04
5.5 1.241138e+04 1.219330e+04 1.195871e+04 1.217680e+04
6.5 1.241295e+04 1.219327e+04 1.195787e+04 1.217755e+04
7.5 1.227802e+04 1.218483e+04 1.195756e+04 1.205075e+04
8.5 1.219696e+04 1.217475e+04 1.195756e+04 1.197977e+04
9.5 1.214539e+04 1.216646e+04 1.195768e+04 1.193661e+04
10.5 1.201016e+04 1.215993e+04 1.195702e+04 1.180726e+04
11.5 1.178738e+04 1.212581e+04 1.195433e+04 1.161589e+04
12.5 1.172874e+04 1.202290e+04 1.195229e+04 1.165812e+04
13.5 1.165601e+04 1.192025e+04 1.195348e+04 1.168924e+04
14.5 1.162251e+04 1.186310e+04 1.195582e+04 1.171523e+04
15.5 1.169422e+04 1.184315e+04 1.195749e+04 1.180855e+04
16.5 1.166208e+04 1.184316e+04 1.195833e+04 1.177725e+04
17.5 1.160450e+04 1.185159e+04 1.195864e+04 1.171155e+04
18.5 1.160376e+04 1.186165e+04 1.195864e+04 1.170076e+04
19.5 1.165265e+04 1.186985e+04 1.195852e+04 1.174132e+04
20.5 1.168447e+04 1.186960e+04 1.195837e+04 1.177324e+04
21.5 1.167348e+04 1.185551e+04 1.195826e+04 1.177622e+04
22.5 1.165112e+04 1.185239e+04 1.195819e+04 1.175691e+04
23.5 1.167843e+04 1.187229e+04 1.195815e+04 1.176429e+04
24.5 1.177205e+04 1.189556e+04 1.195813e+04 1.183462e+04
25.5 1.185772e+04 1.190988e+04 1.195812e+04 1.190597e+04
26.5 1.188844e+04 1.191603e+04 1.195812e+04 1.193053e+04
27.5 1.193499e+04 1.191736e+04 1.195812e+04 1.197575e+04
0.5 1.210772e+04 1.187935e+04 1.195892e+04 1.218729e+04
1.5 1.209483e+04 1.191145e+04 1.196173e+04 1.214511e+04
2.5 1.209913e+04 1.201342e+04 1.196384e+04 1.204956e+04
3.5 1.210779e+04 1.211563e+04 1.196269e+04 1.195485e+04
4.5 1.223136e+04 1.217256e+04 1.196037e+04 1.201917e+04
5.5 1.227978e+04 1.219235e+04 1.195871e+04 1.204613e+04
6.5 1.218120e+04 1.219221e+04 1.195786e+04 1.194685e+04
7.5 1.199891e+04 1.218367e+04 1.195756e+04 1.177279e+04
8.5 1.188266e+04 1.217350e+04 1.195755e+04 1.166672e+04
9.5 1.188926e+04 1.216511e+04 1.195767e+04 1.168181e+04
10.5 1.193054e+04 1.215850e+04 1.195702e+04 1.172906e+04
11.5 1.196933e+04 1.212429e+04 1.195432e+04 1.179936e+04
12.5 1.204054e+04 1.202127e+04 1.195228e+04 1.197155e+04
13.5 1.200334e+04 1.191850e+04 1.195347e+04 1.203831e+04
14.5 1.192737e+04 1.186123e+04 1.195581e+04 1.202195e+04
15.5 1.189377e+04 1.184115e+04 1.195748e+04 1.201010e+04
16.5 1.180771e+04 1.184101e+04 1.195832e+04 1.192502e+04
17.5 1.172609e+04 1.184925e+04 1.195863e+04 1.183546e+04
18.5 1.176921e+04 1.185910e+04 1.195863e+04 1.186873e+04
19.5 1.177244e+04 1.186707e+04 1.195850e+04 1.186388e+04
20.5 1.184741e+04 1.186655e+04 1.195835e+04 1.193921e+04
21.5 1.188548e+04 1.185218e+04 1.195824e+04 1.199154e+04
22.5 1.191680e+04 1.184876e+04 1.195817e+04 1.202621e+04
23.5 1.192620e+04 1.186833e+04 1.195813e+04 1.201600e+04
24.5 1.197296e+04 1.189124e+04 1.195811e+04 1.203982e+04
25.5 1.210242e+04 1.190519e+04 1.195810e+04 1.215533e+04
26.5 1.210801e+04 1.191095e+04 1.195809e+04 1.215516e+04
27.5 1.206663e+04 1.191187e+04 1.195809e+04 1.211285e+04
0.5 1.201546e+04 1.186563e+04 1.195887e+04 1.210870e+04
1.5 1.195968e+04 1.189683e+04 1.196167e+04 1.202453e+04
2.5 1.192667e+04 1.199786e+04 1.196378e+04 1.189259e+04
3.5 1.188627e+04 1.209913e+04 1.196263e+04 1.174977e+04
4.5 1.189591e+04 1.215509e+04 1.196030e+04 1.170112e+04
5.5 1.213827e+04 1.217391e+04 1.195864e+04 1.192300e+04
6.5 1.230513e+04 1.217279e+04 1.195780e+04 1.209014e+04
7.5 1.235277e+04 1.216328e+04 1.195749e+04 1.214699e+04
8.5 1.230283e+04 1.215219e+04 1.195749e+04 1.210813e+04
9.5 1.219636e+04 1.214297e+04 1.195761e+04 1.201100e+04
10.5 1.203644e+04 1.213556e+04 1.195696e+04 1.185784e+04
11.5 1.187163e+04 1.210061e+04 1.195427e+04 1.172529e+04
12.5 1.175331e+04 1.199688e+04 1.195223e+04 1.170866e+04
13.5 1.173377e+04 1.189344e+04 1.195342e+04 1.179375e+04
14.5 1.170625e+04 1.183554e+04 1.195576e+04 1.182648e+04
15.5 1.172698e+04 1.181488e+04 1.195743e+04 1.186954e+04
16.5 1.183142e+04 1.181423e+04 1.195828e+04 1.197547e+04
17.5 1.190932e+04 1.182206e+04 1.195859e+04 1.204585e+04
18.5 1.193251e+04 1.183159e+04 1.195860e+04 1.205952e+04
