0.5 1.120387e+04 1.137263e+04 1.145560e+04 1.128684e+04
1.5 1.139521e+04 1.126059e+04 1.145874e+04 1.159337e+04
2.5 1.152023e+04 1.118174e+04 1.146984e+04 1.180833e+04
3.5 1.152637e+04 1.122329e+04 1.148137e+04 1.178445e+04
4.5 1.143584e+04 1.130359e+04 1.148799e+04 1.162025e+04
5.5 1.139521e+04 1.135590e+04 1.149041e+04 1.152972e+04
6.5 1.135883e+04 1.137630e+04 1.149052e+04 1.147305e+04
7.5 1.134019e+04 1.137648e+04 1.148964e+04 1.145335e+04
8.5 1.122869e+04 1.136579e+04 1.148855e+04 1.135146e+04
9.5 1.109312e+04 1.135101e+04 1.148766e+04 1.122977e+04
10.5 1.101786e+04 1.136521e+04 1.148705e+04 1.113969e+04
11.5 1.111847e+04 1.145191e+04 1.148359e+04 1.115015e+04
12.5 1.123570e+04 1.150783e+04 1.147236e+04 1.120023e+04
13.5 1.121599e+04 1.144534e+04 1.146080e+04 1.123145e+04
14.5 1.110833e+04 1.134555e+04 1.145419e+04 1.121698e+04
15.5 1.120895e+04 1.127480e+04 1.145183e+04 1.138597e+04
16.5 1.129208e+04 1.123681e+04 1.145178e+04 1.150705e+04
17.5 1.130502e+04 1.121976e+04 1.145273e+04 1.153799e+04
18.5 1.120340e+04 1.121431e+04 1.145389e+04 1.144299e+04
19.5 1.113954e+04 1.121381e+04 1.145487e+04 1.138060e+04
20.5 1.122293e+04 1.120527e+04 1.145553e+04 1.147319e+04
21.5 1.146494e+04 1.129542e+04 1.145592e+04 1.162544e+04
22.5 1.182350e+04 1.170950e+04 1.145614e+04 1.157014e+04
23.5 1.209060e+04 1.218005e+04 1.145625e+04 1.136680e+04
24.5 1.243348e+04 1.246874e+04 1.145632e+04 1.142106e+04
25.5 1.288432e+04 1.258105e+04 1.145636e+04 1.175963e+04
26.5 1.314148e+04 1.259101e+04 1.145639e+04 1.200687e+04
27.5 1.296933e+04 1.255480e+04 1.145642e+04 1.187095e+04
0.5 1.064714e+04 1.110257e+04 1.145666e+04 1.100124e+04
1.5 1.102021e+04 1.101702e+04 1.145982e+04 1.146301e+04
2.5 1.093988e+04 1.095683e+04 1.147093e+04 1.145398e+04
3.5 1.075755e+04 1.101246e+04 1.148246e+04 1.122756e+04
4.5 1.071233e+04 1.110443e+04 1.148908e+04 1.109698e+04
5.5 1.100919e+04 1.116723e+04 1.149149e+04 1.133345e+04
6.5 1.146153e+04 1.119750e+04 1.149159e+04 1.175561e+04
7.5 1.141310e+04 1.120716e+04 1.149068e+04 1.169662e+04
8.5 1.105775e+04 1.120558e+04 1.148956e+04 1.134173e+04
9.5 1.095695e+04 1.119958e+04 1.148863e+04 1.124599e+04
10.5 1.117877e+04 1.122225e+04 1.148798e+04 1.144450e+04
11.5 1.124973e+04 1.131710e+04 1.148447e+04 1.141711e+04
12.5 1.145046e+04 1.138087e+04 1.147320e+04 1.154279e+04
13.5 1.159704e+04 1.132592e+04 1.146160e+04 1.173272e+04
14.5 1.129365e+04 1.123337e+04 1.145495e+04 1.151523e+04
15.5 1.103577e+04 1.116955e+04 1.145254e+04 1.131876e+04
16.5 1.092855e+04 1.113816e+04 1.145245e+04 1.124284e+04
17.5 1.107926e+04 1.112741e+04 1.145336e+04 1.140521e+04
18.5 1.110694e+04 1.112797e+04 1.145449e+04 1.143345e+04
19.5 1.132583e+04 1.113320e+04 1.145543e+04 1.164807e+04
20.5 1.136427e+04 1.113011e+04 1.145606e+04 1.169022e+04
21.5 1.122535e+04 1.122543e+04 1.145642e+04 1.145634e+04
22.5 1.121219e+04 1.164441e+04 1.145660e+04 1.102439e+04
23.5 1.178139e+04 1.211958e+04 1.145669e+04 1.111850e+04
24.5 1.224672e+04 1.241263e+04 1.145672e+04 1.129081e+04
25.5 1.270612e+04 1.252906e+04 1.145674e+04 1.163380e+04
26.5 1.279215e+04 1.254284e+04 1.145674e+04 1.170605e+04
27.5 1.284751e+04 1.251018e+04 1.145674e+04 1.179408e+04
0.5 1.012527e+04 1.108700e+04 1.145678e+04 1.049505e+04
1.5 1.023304e+04 1.100278e+04 1.145993e+04 1.069019e+04
2.5 1.053347e+04 1.094382e+04 1.147103e+04 1.106069e+04
3.5 1.078722e+04 1.100059e+04 1.148256e+04 1.126920e+04
4.5 1.080637e+04 1.109361e+04 1.148918e+04 1.120194e+04
5.5 1.097506e+04 1.115737e+04 1.149158e+04 1.130927e+04
6.5 1.113350e+04 1.118853e+04 1.149167e+04 1.143664e+04
7.5 1.125579e+04 1.119903e+04 1.149076e+04 1.154752e+04
8.5 1.152807e+04 1.119822e+04 1.148963e+04 1.181948e+04
9.5 1.149651e+04 1.119292e+04 1.148869e+04 1.179228e+04
10.5 1.122225e+04 1.121621e+04 1.148804e+04 1.149407e+04
11.5 1.122936e+04 1.131162e+04 1.148452e+04 1.140227e+04
12.5 1.140776e+04 1.137590e+04 1.147324e+04 1.150511e+04
13.5 1.152979e+04 1.132141e+04 1.146163e+04 1.167002e+04
14.5 1.174249e+04 1.122928e+04 1.145498e+04 1.196819e+04
15.5 1.192023e+04 1.116584e+04 1.145256e+04 1.220695e+04
16.5 1.194987e+04 1.113480e+04 1.145247e+04 1.226755e+04
17.5 1.187235e+04 1.112437e+04 1.145338e+04 1.220136e+04
18.5 1.160851e+04 1.112529e+04 1.145450e+04 1.193772e+04
19.5 1.141740e+04 1.113092e+04 1.145544e+04 1.174191e+04
20.5 1.135892e+04 1.112824e+04 1.145607e+04 1.168675e+04
21.5 1.140457e+04 1.122394e+04 1.145643e+04 1.163706e+04
22.5 1.175370e+04 1.164326e+04 1.145661e+04 1.156704e+04
23.5 1.222582e+04 1.211873e+04 1.145669e+04 1.156378e+04
24.5 1.276407e+04 1.241204e+04 1.145672e+04 1.180876e+04
25.5 1.295848e+04 1.252868e+04 1.145674e+04 1.188654e+04
26.5 1.321935e+04 1.254269e+04 1.145674e+04 1.213341e+04
27.5 1.299353e+04 1.251022e+04 1.145674e+04 1.194005e+04
0.5 1.041698e+04 1.108700e+04 1.145678e+04 1.078677e+04
1.5 1.040859e+04 1.100278e+04 1.145993e+04 1.086574e+04
2.5 1.029604e+04 1.094382e+04 1.147103e+04 1.082325e+04
3.5 1.040730e+04 1.100059e+04 1.148256e+04 1.088928e+04
4.5 1.073108e+04 1.109363e+04 1.148918e+04 1.112663e+04
5.5 1.094498e+04 1.115734e+04 1.149158e+04 1.127922e+04
6.5 1.097097e+04 1.118842e+04 1.149167e+04 1.127422e+04
7.5 1.113016e+04 1.119881e+04 1.149076e+04 1.142211e+04
8.5 1.145318e+04 1.119789e+04 1.148964e+04 1.174492e+04
9.5 1.154965e+04 1.119248e+04 1.148870e+04 1.184587e+04
10.5 1.152539e+04 1.121566e+04 1.148805e+04 1.179778e+04
11.5 1.152991e+04 1.131094e+04 1.148454e+04 1.170350e+04
12.5 1.174147e+04 1.137509e+04 1.147327e+04 1.183965e+04
13.5 1.166121e+04 1.132046e+04 1.146167e+04 1.180242e+04
14.5 1.145632e+04 1.122816e+04 1.145502e+04 1.168318e+04
15.5 1.135189e+04 1.116455e+04 1.145262e+04 1.163996e+04
16.5 1.125743e+04 1.113332e+04 1.145253e+04 1.157664e+04
17.5 1.110377e+04 1.112270e+04 1.145345e+04 1.143452e+04
18.5 1.117601e+04 1.112340e+04 1.145458e+04 1.150719e+04
19.5 1.165262e+04 1.112876e+04 1.145553e+04 1.197939e+04
20.5 1.193581e+04 1.112576e+04 1.145617e+04 1.226621e+04
21.5 1.198397e+04 1.122112e+04 1.145653e+04 1.221938e+04
22.5 1.214989e+04 1.164004e+04 1.145672e+04 1.196657e+04
23.5 1.219630e+04 1.211508e+04 1.145682e+04 1.153804e+04
24.5 1.262014e+04 1.240792e+04 1.145686e+04 1.166908e+04
25.5 1.286363e+04 1.252404e+04 1.145689e+04 1.179648e+04
26.5 1.274484e+04 1.253749e+04 1.145691e+04 1.166426e+04
27.5 1.197024e+04 1.250450e+04 1.145693e+04 1.092268e+04
0.5 1.096507e+04 1.107160e+04 1.145738e+04 1.135085e+04
1.5 1.100480e+04 1.098596e+04 1.146059e+04 1.147943e+04
2.5 1.112630e+04 1.092546e+04 1.147174e+04 1.167259e+04
3.5 1.115137e+04 1.098057e+04 1.148333e+04 1.165413e+04
4.5 1.120440e+04 1.107182e+04 1.149002e+04 1.162260e+04
5.5 1.178259e+04 1.113367e+04 1.149249e+04 1.214141e+04
6.5 1.192118e+04 1.116277e+04 1.149266e+04 1.225107e+04
7.5 1.181911e+04 1.117102e+04 1.149183e+04 1.213991e+04
8.5 1.186114e+04 1.116782e+04 1.149080e+04 1.218411e+04
9.5 1.177675e+04 1.115998e+04 1.148996e+04 1.210673e+04
10.5 1.155716e+04 1.118059e+04 1.148942e+04 1.186598e+04
11.5 1.130951e+04 1.127316e+04 1.148603e+04 1.152237e+04
12.5 1.111558e+04 1.133444e+04 1.147488e+04 1.125601e+04
13.5 1.113983e+04 1.127677e+04 1.146341e+04 1.132647e+04
14.5 1.109780e+04 1.118128e+04 1.145690e+04 1.137342e+04
15.5 1.138021e+04 1.111431e+04 1.145464e+04 1.172054e+04
16.5 1.165017e+04 1.107957e+04 1.145471e+04 1.202532e+04
17.5 1.171334e+04 1.106525e+04 1.145580e+04 1.210388e+04
18.5 1.151007e+04 1.106199e+04 1.145710e+04 1.190518e+04
19.5 1.151155e+04 1.106309e+04 1.145823e+04 1.190669e+04
20.5 1.162115e+04 1.105560e+04 1.145905e+04 1.202461e+04
21.5 1.136286e+04 1.114626e+04 1.145962e+04 1.167622e+04
22.5 1.124548e+04 1.156035e+04 1.146002e+04 1.114515e+04
23.5 1.115130e+04 1.203044e+04 1.146034e+04 1.058120e+04
24.5 1.110716e+04 1.231822e+04 1.146061e+04 1.024956e+04
25.5 1.197832e+04 1.242921e+04 1.146088e+04 1.101000e+04
26.5 1.251159e+04 1.243745e+04 1.146115e+04 1.153529e+04
27.5 1.286669e+04 1.239923e+04 1.146143e+04 1.192888e+04
