0.5 1.120387e+04 1.137263e+04 1.143623e+04 1.126747e+04
1.5 1.139521e+04 1.126059e+04 1.133299e+04 1.146762e+04
2.5 1.152023e+04 1.118174e+04 1.125471e+04 1.159321e+04
3.5 1.152637e+04 1.122329e+04 1.129609e+04 1.159917e+04
4.5 1.143584e+04 1.130359e+04 1.138080e+04 1.151305e+04
5.5 1.139521e+04 1.135590e+04 1.144143e+04 1.148074e+04
6.5 1.135883e+04 1.137630e+04 1.147213e+04 1.145466e+04
7.5 1.134019e+04 1.137648e+04 1.148329e+04 1.144700e+04
8.5 1.122869e+04 1.136579e+04 1.148345e+04 1.134635e+04
9.5 1.109312e+04 1.135101e+04 1.147900e+04 1.122112e+04
10.5 1.101786e+04 1.136521e+04 1.150292e+04 1.115556e+04
11.5 1.111847e+04 1.145191e+04 1.160183e+04 1.126840e+04
12.5 1.123570e+04 1.150783e+04 1.167740e+04 1.140527e+04
13.5 1.121599e+04 1.144534e+04 1.163455e+04 1.140520e+04
14.5 1.110833e+04 1.134555e+04 1.154909e+04 1.131188e+04
15.5 1.120895e+04 1.127480e+04 1.148810e+04 1.142225e+04
16.5 1.129208e+04 1.123681e+04 1.145720e+04 1.151247e+04
17.5 1.130502e+04 1.121976e+04 1.144591e+04 1.153117e+04
18.5 1.120340e+04 1.121431e+04 1.144568e+04 1.143477e+04
19.5 1.113954e+04 1.121381e+04 1.145032e+04 1.137605e+04
20.5 1.122293e+04 1.120527e+04 1.145571e+04 1.147337e+04
21.5 1.146494e+04 1.129542e+04 1.145989e+04 1.162941e+04
22.5 1.182350e+04 1.170950e+04 1.146249e+04 1.157649e+04
23.5 1.209060e+04 1.218005e+04 1.146388e+04 1.137443e+04
24.5 1.243348e+04 1.246874e+04 1.146454e+04 1.142928e+04
25.5 1.288432e+04 1.258105e+04 1.146484e+04 1.176811e+04
26.5 1.314148e+04 1.259101e+04 1.146498e+04 1.201546e+04
27.5 1.296933e+04 1.255480e+04 1.146505e+04 1.187958e+04
0.5 1.064714e+04 1.110257e+04 1.143579e+04 1.098036e+04
1.5 1.102021e+04 1.101702e+04 1.133271e+04 1.133590e+04
2.5 1.093988e+04 1.095683e+04 1.125458e+04 1.123763e+04
3.5 1.075755e+04 1.101246e+04 1.129608e+04 1.104118e+04
4.5 1.071233e+04 1.110443e+04 1.138091e+04 1.098881e+04
5.5 1.100919e+04 1.116723e+04 1.144166e+04 1.128362e+04
6.5 1.146153e+04 1.119750e+04 1.147250e+04 1.173652e+04
7.5 1.141310e+04 1.120716e+04 1.148381e+04 1.168975e+04
8.5 1.105775e+04 1.120558e+04 1.148409e+04 1.133625e+04
9.5 1.095695e+04 1.119958e+04 1.147971e+04 1.123708e+04
10.5 1.117877e+04 1.122225e+04 1.150367e+04 1.146019e+04
11.5 1.124973e+04 1.131710e+04 1.160260e+04 1.153524e+04
12.5 1.145046e+04 1.138087e+04 1.167819e+04 1.174778e+04
13.5 1.159704e+04 1.132592e+04 1.163534e+04 1.190646e+04
14.5 1.129365e+04 1.123337e+04 1.154988e+04 1.161016e+04
15.5 1.103577e+04 1.116955e+04 1.148888e+04 1.135510e+04
16.5 1.092855e+04 1.113816e+04 1.145795e+04 1.124834e+04
17.5 1.107926e+04 1.112741e+04 1.144661e+04 1.139846e+04
18.5 1.110694e+04 1.112797e+04 1.144633e+04 1.142529e+04
19.5 1.132583e+04 1.113320e+04 1.145094e+04 1.164358e+04
20.5 1.136427e+04 1.113011e+04 1.145632e+04 1.169048e+04
21.5 1.122535e+04 1.122543e+04 1.146048e+04 1.146040e+04
22.5 1.121219e+04 1.164441e+04 1.146305e+04 1.103084e+04
23.5 1.178139e+04 1.211958e+04 1.146442e+04 1.112623e+04
24.5 1.224672e+04 1.241263e+04 1.146507e+04 1.129916e+04
25.5 1.270612e+04 1.252906e+04 1.146535e+04 1.164241e+04
26.5 1.279215e+04 1.254284e+04 1.146547e+04 1.171478e+04
27.5 1.284751e+04 1.251018e+04 1.146551e+04 1.180285e+04
0.5 1.012527e+04 1.108700e+04 1.143589e+04 1.047417e+04
1.5 1.023304e+04 1.100278e+04 1.133281e+04 1.056307e+04
2.5 1.053347e+04 1.094382e+04 1.125467e+04 1.084432e+04
3.5 1.078722e+04 1.100059e+04 1.129617e+04 1.108281e+04
4.5 1.080637e+04 1.109361e+04 1.138100e+04 1.109376e+04
5.5 1.097506e+04 1.115737e+04 1.144174e+04 1.125943e+04
6.5 1.113350e+04 1.118853e+04 1.147259e+04 1.141756e+04
7.5 1.125579e+04 1.119903e+04 1.148392e+04 1.154067e+04
8.5 1.152807e+04 1.119822e+04 1.148422e+04 1.181407e+04
9.5 1.149651e+04 1.119292e+04 1.147986e+04 1.178345e+04
10.5 1.122225e+04 1.121621e+04 1.150382e+04 1.150985e+04
11.5 1.122936e+04 1.131162e+04 1.160274e+04 1.152049e+04
12.5 1.140776e+04 1.137590e+04 1.167831e+04 1.171018e+04
13.5 1.152979e+04 1.132141e+04 1.163544e+04 1.184383e+04
14.5 1.174249e+04 1.122928e+04 1.154998e+04 1.206319e+04
15.5 1.192023e+04 1.116584e+04 1.148896e+04 1.224335e+04
16.5 1.194987e+04 1.113480e+04 1.145802e+04 1.227309e+04
17.5 1.187235e+04 1.112437e+04 1.144667e+04 1.219465e+04
18.5 1.160851e+04 1.112529e+04 1.144638e+04 1.192960e+04
19.5 1.141740e+04 1.113092e+04 1.145099e+04 1.173747e+04
20.5 1.135892e+04 1.112824e+04 1.145636e+04 1.168704e+04
21.5 1.140457e+04 1.122394e+04 1.146052e+04 1.164114e+04
22.5 1.175370e+04 1.164326e+04 1.146309e+04 1.157352e+04
23.5 1.222582e+04 1.211873e+04 1.146445e+04 1.157154e+04
24.5 1.276407e+04 1.241204e+04 1.146509e+04 1.181713e+04
25.5 1.295848e+04 1.252868e+04 1.146537e+04 1.189517e+04
26.5 1.321935e+04 1.254269e+04 1.146547e+04 1.214214e+04
27.5 1.299353e+04 1.251022e+04 1.146551e+04 1.194882e+04
0.5 1.041698e+04 1.108700e+04 1.143589e+04 1.076588e+04
1.5 1.040859e+04 1.100278e+04 1.133281e+04 1.073862e+04
2.5 1.029604e+04 1.094382e+04 1.125467e+04 1.060689e+04
3.5 1.040730e+04 1.100059e+04 1.129617e+04 1.070289e+04
4.5 1.073108e+04 1.109363e+04 1.138102e+04 1.101847e+04
5.5 1.094498e+04 1.115734e+04 1.144177e+04 1.122940e+04
6.5 1.097097e+04 1.118842e+04 1.147259e+04 1.125514e+04
7.5 1.113016e+04 1.119881e+04 1.148388e+04 1.141523e+04
8.5 1.145318e+04 1.119789e+04 1.148415e+04 1.173944e+04
9.5 1.154965e+04 1.119248e+04 1.147976e+04 1.183694e+04
10.5 1.152539e+04 1.121566e+04 1.150370e+04 1.181344e+04
11.5 1.152991e+04 1.131094e+04 1.160262e+04 1.182158e+04
12.5 1.174147e+04 1.137509e+04 1.167817e+04 1.204455e+04
13.5 1.166121e+04 1.132046e+04 1.163529e+04 1.197604e+04
14.5 1.145632e+04 1.122816e+04 1.154980e+04 1.177796e+04
15.5 1.135189e+04 1.116455e+04 1.148878e+04 1.167612e+04
16.5 1.125743e+04 1.113332e+04 1.145783e+04 1.158194e+04
17.5 1.110377e+04 1.112270e+04 1.144651e+04 1.142757e+04
18.5 1.117601e+04 1.112340e+04 1.144623e+04 1.149884e+04
19.5 1.165262e+04 1.112876e+04 1.145084e+04 1.197470e+04
20.5 1.193581e+04 1.112576e+04 1.145620e+04 1.226624e+04
21.5 1.198397e+04 1.122112e+04 1.146033e+04 1.222318e+04
22.5 1.214989e+04 1.164004e+04 1.146288e+04 1.197273e+04
23.5 1.219630e+04 1.211508e+04 1.146422e+04 1.154544e+04
24.5 1.262014e+04 1.240792e+04 1.146484e+04 1.167706e+04
25.5 1.286363e+04 1.252404e+04 1.146509e+04 1.180468e+04
26.5 1.274484e+04 1.253749e+04 1.146517e+04 1.167251e+04
27.5 1.197024e+04 1.250450e+04 1.146518e+04 1.093093e+04
0.5 1.096507e+04 1.107160e+04 1.143495e+04 1.132841e+04
1.5 1.100480e+04 1.098596e+04 1.133179e+04 1.135063e+04
2.5 1.112630e+04 1.092546e+04 1.125357e+04 1.145441e+04
3.5 1.115137e+04 1.098057e+04 1.129498e+04 1.146578e+04
4.5 1.120440e+04 1.107182e+04 1.137972e+04 1.151230e+04
5.5 1.178259e+04 1.113367e+04 1.144035e+04 1.208927e+04
6.5 1.192118e+04 1.116277e+04 1.147107e+04 1.222948e+04
7.5 1.181911e+04 1.117102e+04 1.148223e+04 1.213031e+04
8.5 1.186114e+04 1.116782e+04 1.148235e+04 1.217566e+04
9.5 1.177675e+04 1.115998e+04 1.147781e+04 1.209458e+04
10.5 1.155716e+04 1.118059e+04 1.150161e+04 1.187817e+04
11.5 1.130951e+04 1.127316e+04 1.160038e+04 1.163672e+04
12.5 1.111558e+04 1.133444e+04 1.167579e+04 1.145692e+04
13.5 1.113983e+04 1.127677e+04 1.163276e+04 1.149582e+04
14.5 1.109780e+04 1.118128e+04 1.154712e+04 1.146364e+04
15.5 1.138021e+04 1.111431e+04 1.148594e+04 1.175183e+04
16.5 1.165017e+04 1.107957e+04 1.145483e+04 1.202544e+04
17.5 1.171334e+04 1.106525e+04 1.144333e+04 1.209142e+04
18.5 1.151007e+04 1.106199e+04 1.144289e+04 1.189097e+04
19.5 1.151155e+04 1.106309e+04 1.144732e+04 1.189578e+04
20.5 1.162115e+04 1.105560e+04 1.145250e+04 1.201805e+04
21.5 1.136286e+04 1.114626e+04 1.145645e+04 1.167305e+04
22.5 1.124548e+04 1.156035e+04 1.145882e+04 1.114395e+04
23.5 1.115130e+04 1.203044e+04 1.145998e+04 1.058085e+04
24.5 1.110716e+04 1.231822e+04 1.146042e+04 1.024936e+04
25.5 1.197832e+04 1.242921e+04 1.146048e+04 1.100960e+04
26.5 1.251159e+04 1.243745e+04 1.146038e+04 1.153452e+04
27.5 1.286669e+04 1.239923e+04 1.146022e+04 1.192768e+04
