0.5 1.206122e+04 1.207410e+04 1.208148e+04 1.206860e+04
1.5 1.211684e+04 1.207612e+04 1.210011e+04 1.214083e+04
2.5 1.218799e+04 1.212918e+04 1.216591e+04 1.222472e+04
3.5 1.225259e+04 1.220340e+04 1.223430e+04 1.228349e+04
4.5 1.230190e+04 1.225526e+04 1.227361e+04 1.232024e+04
5.5 1.232588e+04 1.227845e+04 1.228795e+04 1.233538e+04
6.5 1.234515e+04 1.228332e+04 1.228860e+04 1.235043e+04
7.5 1.235557e+04 1.227931e+04 1.228338e+04 1.235964e+04
8.5 1.231136e+04 1.227237e+04 1.227693e+04 1.231591e+04
9.5 1.226084e+04 1.226589e+04 1.227162e+04 1.226656e+04
10.5 1.222388e+04 1.226552e+04 1.226801e+04 1.222637e+04
11.5 1.222965e+04 1.225986e+04 1.224747e+04 1.221727e+04
12.5 1.220163e+04 1.220454e+04 1.218087e+04 1.217796e+04
13.5 1.211471e+04 1.212891e+04 1.211230e+04 1.209810e+04
14.5 1.203658e+04 1.207610e+04 1.207313e+04 1.203360e+04
15.5 1.201911e+04 1.205222e+04 1.205908e+04 1.202597e+04
16.5 1.201900e+04 1.204679e+04 1.205880e+04 1.203101e+04
17.5 1.196062e+04 1.205034e+04 1.206444e+04 1.197473e+04
18.5 1.191359e+04 1.205688e+04 1.207135e+04 1.192806e+04
19.5 1.195481e+04 1.206307e+04 1.207713e+04 1.196887e+04
20.5 1.201537e+04 1.206804e+04 1.208106e+04 1.202840e+04
21.5 1.206533e+04 1.207881e+04 1.208340e+04 1.206992e+04
22.5 1.209126e+04 1.210441e+04 1.208467e+04 1.207151e+04
23.5 1.213547e+04 1.212838e+04 1.208534e+04 1.209243e+04
24.5 1.216126e+04 1.214112e+04 1.208573e+04 1.210587e+04
25.5 1.223985e+04 1.214528e+04 1.208598e+04 1.218055e+04
26.5 1.228316e+04 1.214501e+04 1.208617e+04 1.222432e+04
27.5 1.218369e+04 1.214294e+04 1.208633e+04 1.212708e+04
0.5 1.206044e+04 1.206670e+04 1.208778e+04 1.208152e+04
1.5 1.216685e+04 1.207009e+04 1.210652e+04 1.220328e+04
2.5 1.222526e+04 1.212411e+04 1.217238e+04 1.227353e+04
3.5 1.227960e+04 1.219904e+04 1.224079e+04 1.232135e+04
4.5 1.231900e+04 1.225148e+04 1.228007e+04 1.234760e+04
5.5 1.233746e+04 1.227515e+04 1.229435e+04 1.235666e+04
6.5 1.235871e+04 1.228044e+04 1.229490e+04 1.237317e+04
7.5 1.235133e+04 1.227679e+04 1.228954e+04 1.236408e+04
8.5 1.229398e+04 1.227015e+04 1.228289e+04 1.230672e+04
9.5 1.224221e+04 1.226390e+04 1.227736e+04 1.225566e+04
10.5 1.224761e+04 1.226373e+04 1.227351e+04 1.225739e+04
11.5 1.226945e+04 1.225825e+04 1.225272e+04 1.226393e+04
12.5 1.226050e+04 1.220308e+04 1.218587e+04 1.224329e+04
13.5 1.216147e+04 1.212759e+04 1.211704e+04 1.215092e+04
14.5 1.203098e+04 1.207490e+04 1.207762e+04 1.203370e+04
15.5 1.196259e+04 1.205112e+04 1.206332e+04 1.197478e+04
16.5 1.195648e+04 1.204579e+04 1.206279e+04 1.197349e+04
17.5 1.198970e+04 1.204942e+04 1.206820e+04 1.200848e+04
18.5 1.203594e+04 1.205605e+04 1.207489e+04 1.205478e+04
19.5 1.208079e+04 1.206233e+04 1.208046e+04 1.209892e+04
20.5 1.209026e+04 1.206737e+04 1.208420e+04 1.210708e+04
21.5 1.204047e+04 1.207821e+04 1.208634e+04 1.204859e+04
22.5 1.207269e+04 1.210389e+04 1.208742e+04 1.205622e+04
23.5 1.216989e+04 1.212791e+04 1.208792e+04 1.212990e+04
24.5 1.221345e+04 1.214070e+04 1.208813e+04 1.216088e+04
25.5 1.215351e+04 1.214491e+04 1.208822e+04 1.209682e+04
26.5 1.207323e+04 1.214467e+04 1.208824e+04 1.201681e+04
27.5 1.207632e+04 1.214262e+04 1.208825e+04 1.202195e+04
0.5 1.196168e+04 1.206660e+04 1.208847e+04 1.198354e+04
1.5 1.199882e+04 1.207002e+04 1.210718e+04 1.203597e+04
2.5 1.210529e+04 1.212407e+04 1.217300e+04 1.215422e+04
3.5 1.219451e+04 1.219903e+04 1.224138e+04 1.223685e+04
4.5 1.224544e+04 1.225149e+04 1.228063e+04 1.227457e+04
5.5 1.227651e+04 1.227519e+04 1.229489e+04 1.229621e+04
6.5 1.228599e+04 1.228050e+04 1.229541e+04 1.230090e+04
7.5 1.229879e+04 1.227686e+04 1.229001e+04 1.231194e+04
8.5 1.234369e+04 1.227022e+04 1.228332e+04 1.235680e+04
9.5 1.234182e+04 1.226396e+04 1.227774e+04 1.235560e+04
10.5 1.230072e+04 1.226378e+04 1.227385e+04 1.231079e+04
11.5 1.225427e+04 1.225827e+04 1.225301e+04 1.224901e+04
12.5 1.223175e+04 1.220309e+04 1.218612e+04 1.221478e+04
13.5 1.221829e+04 1.212758e+04 1.211725e+04 1.220796e+04
14.5 1.222191e+04 1.207488e+04 1.207780e+04 1.222483e+04
15.5 1.221642e+04 1.205109e+04 1.206347e+04 1.222880e+04
16.5 1.217867e+04 1.204575e+04 1.206292e+04 1.219584e+04
17.5 1.214171e+04 1.204937e+04 1.206830e+04 1.216064e+04
18.5 1.207883e+04 1.205601e+04 1.207497e+04 1.209780e+04
19.5 1.205335e+04 1.206229e+04 1.208053e+04 1.207159e+04
20.5 1.207858e+04 1.206734e+04 1.208425e+04 1.209549e+04
21.5 1.213528e+04 1.207819e+04 1.208638e+04 1.214347e+04
22.5 1.219167e+04 1.210386e+04 1.208745e+04 1.217526e+04
23.5 1.225528e+04 1.212789e+04 1.208794e+04 1.221533e+04
24.5 1.237469e+04 1.214068e+04 1.208814e+04 1.232215e+04
25.5 1.236363e+04 1.214489e+04 1.208822e+04 1.230695e+04
26.5 1.230965e+04 1.214466e+04 1.208824e+04 1.225323e+04
27.5 1.212083e+04 1.214262e+04 1.208825e+04 1.206646e+04
0.5 1.197087e+04 1.206660e+04 1.208847e+04 1.199273e+04
1.5 1.197078e+04 1.207002e+04 1.210718e+04 1.200793e+04
2.5 1.195770e+04 1.212407e+04 1.217300e+04 1.200663e+04
3.5 1.196358e+04 1.219903e+04 1.224138e+04 1.200592e+04
4.5 1.204748e+04 1.225149e+04 1.228063e+04 1.207662e+04
5.5 1.216856e+04 1.227518e+04 1.229488e+04 1.218827e+04
6.5 1.224178e+04 1.228048e+04 1.229539e+04 1.225670e+04
7.5 1.229206e+04 1.227683e+04 1.229000e+04 1.230523e+04
8.5 1.232001e+04 1.227020e+04 1.228333e+04 1.233315e+04
9.5 1.232840e+04 1.226397e+04 1.227778e+04 1.234222e+04
10.5 1.229797e+04 1.226381e+04 1.227392e+04 1.230808e+04
11.5 1.224605e+04 1.225833e+04 1.225312e+04 1.224084e+04
12.5 1.221009e+04 1.220318e+04 1.218627e+04 1.219318e+04
13.5 1.213042e+04 1.212771e+04 1.211745e+04 1.212016e+04
14.5 1.206700e+04 1.207505e+04 1.207805e+04 1.207000e+04
15.5 1.204063e+04 1.205131e+04 1.206378e+04 1.205309e+04
16.5 1.202832e+04 1.204601e+04 1.206329e+04 1.204560e+04
17.5 1.201764e+04 1.204969e+04 1.206873e+04 1.203668e+04
18.5 1.205506e+04 1.205636e+04 1.207545e+04 1.207415e+04
19.5 1.216969e+04 1.206267e+04 1.208105e+04 1.218807e+04
20.5 1.222611e+04 1.206775e+04 1.208482e+04 1.224317e+04
21.5 1.220453e+04 1.207864e+04 1.208700e+04 1.221290e+04
22.5 1.216148e+04 1.210435e+04 1.208814e+04 1.214527e+04
23.5 1.211672e+04 1.212842e+04 1.208869e+04 1.207700e+04
24.5 1.219036e+04 1.214126e+04 1.208897e+04 1.213808e+04
25.5 1.218282e+04 1.214552e+04 1.208913e+04 1.212643e+04
26.5 1.212396e+04 1.214535e+04 1.208925e+04 1.206786e+04
27.5 1.207356e+04 1.214338e+04 1.208936e+04 1.201954e+04
0.5 1.203880e+04 1.206923e+04 1.209204e+04 1.206161e+04
1.5 1.208081e+04 1.207287e+04 1.211106e+04 1.211900e+04
2.5 1.211203e+04 1.212716e+04 1.217722e+04 1.216209e+04
3.5 1.212215e+04 1.220238e+04 1.224596e+04 1.216573e+04
4.5 1.216146e+04 1.225513e+04 1.228560e+04 1.219194e+04
5.5 1.229282e+04 1.227912e+04 1.230028e+04 1.231397e+04
6.5 1.236613e+04 1.228476e+04 1.230126e+04 1.238262e+04
7.5 1.237668e+04 1.228149e+04 1.229636e+04 1.239155e+04
8.5 1.235286e+04 1.227526e+04 1.229024e+04 1.236784e+04
9.5 1.231431e+04 1.226947e+04 1.228528e+04 1.233012e+04
10.5 1.223914e+04 1.226979e+04 1.228205e+04 1.225140e+04
11.5 1.210644e+04 1.226483e+04 1.226194e+04 1.210355e+04
12.5 1.202905e+04 1.221024e+04 1.219582e+04 1.201463e+04
13.5 1.200533e+04 1.213536e+04 1.212777e+04 1.199774e+04
14.5 1.203443e+04 1.208333e+04 1.208919e+04 1.204029e+04
15.5 1.209287e+04 1.206025e+04 1.207578e+04 1.210841e+04
16.5 1.213995e+04 1.205567e+04 1.207621e+04 1.216050e+04
17.5 1.212533e+04 1.206009e+04 1.208263e+04 1.214787e+04
18.5 1.207193e+04 1.206755e+04 1.209037e+04 1.209476e+04
19.5 1.207178e+04 1.207469e+04 1.209705e+04 1.209415e+04
20.5 1.213483e+04 1.208064e+04 1.210196e+04 1.215615e+04
21.5 1.211264e+04 1.209243e+04 1.210533e+04 1.212554e+04
22.5 1.210826e+04 1.211911e+04 1.210771e+04 1.209686e+04
23.5 1.207675e+04 1.214420e+04 1.210957e+04 1.204212e+04
24.5 1.210043e+04 1.215810e+04 1.211121e+04 1.205354e+04
25.5 1.226190e+04 1.216348e+04 1.211279e+04 1.221120e+04
26.5 1.234902e+04 1.216448e+04 1.211438e+04 1.229892e+04
27.5 1.230576e+04 1.216374e+04 1.211602e+04 1.225805e+04
