0.5 1.240769e+04 1.259038e+04 1.274770e+04 1.256501e+04
1.5 1.249154e+04 1.256250e+04 1.270824e+04 1.263728e+04
2.5 1.250323e+04 1.255307e+04 1.267851e+04 1.262866e+04
3.5 1.260026e+04 1.258830e+04 1.269460e+04 1.270656e+04
4.5 1.263908e+04 1.263177e+04 1.272718e+04 1.273449e+04
5.5 1.281437e+04 1.265920e+04 1.275045e+04 1.290562e+04
6.5 1.285783e+04 1.267149e+04 1.276221e+04 1.294855e+04
7.5 1.270136e+04 1.267471e+04 1.276646e+04 1.279312e+04
8.5 1.262622e+04 1.267334e+04 1.276649e+04 1.271938e+04
9.5 1.258279e+04 1.267045e+04 1.276475e+04 1.267709e+04
10.5 1.270304e+04 1.267884e+04 1.277387e+04 1.279807e+04
11.5 1.273826e+04 1.271159e+04 1.281164e+04 1.283831e+04
12.5 1.271342e+04 1.272360e+04 1.284030e+04 1.283012e+04
13.5 1.272511e+04 1.268973e+04 1.282359e+04 1.285898e+04
14.5 1.277537e+04 1.264706e+04 1.279069e+04 1.291899e+04
15.5 1.280454e+04 1.262017e+04 1.276724e+04 1.295161e+04
16.5 1.267497e+04 1.260832e+04 1.275536e+04 1.282201e+04
17.5 1.264906e+04 1.260548e+04 1.275102e+04 1.279459e+04
18.5 1.258524e+04 1.260720e+04 1.275091e+04 1.272895e+04
19.5 1.259494e+04 1.261047e+04 1.275268e+04 1.273715e+04
20.5 1.270812e+04 1.260924e+04 1.275473e+04 1.285361e+04
21.5 1.284476e+04 1.264607e+04 1.275631e+04 1.295500e+04
22.5 1.295301e+04 1.281537e+04 1.275728e+04 1.289493e+04
23.5 1.313829e+04 1.301043e+04 1.275779e+04 1.288565e+04
24.5 1.327169e+04 1.313221e+04 1.275802e+04 1.289749e+04
25.5 1.329402e+04 1.318132e+04 1.275811e+04 1.287080e+04
26.5 1.332658e+04 1.318782e+04 1.275813e+04 1.289689e+04
27.5 1.327979e+04 1.317490e+04 1.275814e+04 1.286303e+04
0.5 1.241946e+04 1.259527e+04 1.274672e+04 1.257091e+04
1.5 1.246082e+04 1.256711e+04 1.270731e+04 1.260103e+04
2.5 1.261879e+04 1.255740e+04 1.267763e+04 1.273902e+04
3.5 1.270285e+04 1.259236e+04 1.269377e+04 1.280427e+04
4.5 1.271308e+04 1.263555e+04 1.272640e+04 1.280392e+04
5.5 1.260459e+04 1.266274e+04 1.274972e+04 1.269157e+04
6.5 1.244435e+04 1.267477e+04 1.276153e+04 1.253111e+04
7.5 1.252498e+04 1.267774e+04 1.276583e+04 1.261307e+04
8.5 1.264893e+04 1.267613e+04 1.276591e+04 1.273871e+04
9.5 1.254496e+04 1.267302e+04 1.276421e+04 1.263614e+04
10.5 1.239629e+04 1.268119e+04 1.277336e+04 1.248846e+04
11.5 1.249284e+04 1.271374e+04 1.281117e+04 1.259027e+04
12.5 1.283651e+04 1.272557e+04 1.283985e+04 1.295080e+04
13.5 1.292615e+04 1.269153e+04 1.282318e+04 1.305781e+04
14.5 1.289243e+04 1.264870e+04 1.279030e+04 1.303403e+04
15.5 1.272899e+04 1.262166e+04 1.276688e+04 1.287421e+04
16.5 1.274302e+04 1.260967e+04 1.275503e+04 1.288838e+04
17.5 1.274911e+04 1.260671e+04 1.275070e+04 1.289311e+04
18.5 1.264860e+04 1.260834e+04 1.275062e+04 1.279088e+04
19.5 1.253209e+04 1.261155e+04 1.275240e+04 1.267294e+04
20.5 1.254005e+04 1.261030e+04 1.275447e+04 1.268422e+04
21.5 1.262403e+04 1.264711e+04 1.275607e+04 1.273299e+04
22.5 1.292834e+04 1.281638e+04 1.275706e+04 1.286903e+04
23.5 1.304573e+04 1.301142e+04 1.275759e+04 1.279190e+04
24.5 1.309459e+04 1.313317e+04 1.275783e+04 1.271925e+04
25.5 1.322831e+04 1.318226e+04 1.275794e+04 1.280399e+04
26.5 1.313621e+04 1.318873e+04 1.275798e+04 1.270546e+04
27.5 1.318124e+04 1.317577e+04 1.275799e+04 1.276347e+04
0.5 1.252154e+04 1.259528e+04 1.274665e+04 1.267291e+04
1.5 1.260666e+04 1.256710e+04 1.270725e+04 1.274681e+04
2.5 1.259888e+04 1.255738e+04 1.267757e+04 1.271907e+04
3.5 1.265564e+04 1.259233e+04 1.269372e+04 1.275704e+04
4.5 1.282257e+04 1.263552e+04 1.272636e+04 1.291342e+04
5.5 1.279149e+04 1.266268e+04 1.274968e+04 1.287848e+04
6.5 1.289436e+04 1.267473e+04 1.276149e+04 1.298112e+04
7.5 1.267046e+04 1.267772e+04 1.276581e+04 1.275855e+04
8.5 1.240631e+04 1.267613e+04 1.276590e+04 1.249608e+04
9.5 1.248245e+04 1.267303e+04 1.276421e+04 1.257363e+04
10.5 1.241024e+04 1.268120e+04 1.277337e+04 1.250240e+04
11.5 1.253372e+04 1.271375e+04 1.281117e+04 1.263114e+04
12.5 1.268986e+04 1.272557e+04 1.283986e+04 1.280415e+04
13.5 1.268385e+04 1.269153e+04 1.282318e+04 1.281550e+04
14.5 1.272219e+04 1.264870e+04 1.279030e+04 1.286379e+04
15.5 1.271206e+04 1.262166e+04 1.276688e+04 1.285728e+04
16.5 1.272949e+04 1.260967e+04 1.275503e+04 1.287485e+04
17.5 1.253516e+04 1.260671e+04 1.275070e+04 1.267916e+04
18.5 1.251850e+04 1.260834e+04 1.275062e+04 1.266078e+04
19.5 1.256970e+04 1.261155e+04 1.275240e+04 1.271056e+04
20.5 1.254304e+04 1.261030e+04 1.275447e+04 1.268722e+04
21.5 1.256127e+04 1.264711e+04 1.275607e+04 1.267024e+04
22.5 1.245679e+04 1.281638e+04 1.275706e+04 1.239747e+04
23.5 1.256990e+04 1.301142e+04 1.275759e+04 1.231606e+04
24.5 1.275900e+04 1.313318e+04 1.275784e+04 1.238366e+04
25.5 1.295932e+04 1.318225e+04 1.275795e+04 1.253502e+04
26.5 1.305932e+04 1.318870e+04 1.275799e+04 1.262861e+04
27.5 1.313343e+04 1.317574e+04 1.275801e+04 1.271569e+04
0.5 1.275063e+04 1.259679e+04 1.274671e+04 1.290055e+04
1.5 1.266462e+04 1.256875e+04 1.270731e+04 1.280318e+04
2.5 1.268331e+04 1.255918e+04 1.267764e+04 1.280177e+04
3.5 1.267144e+04 1.259431e+04 1.269380e+04 1.277094e+04
4.5 1.278896e+04 1.263769e+04 1.272645e+04 1.287772e+04
5.5 1.275063e+04 1.266507e+04 1.274977e+04 1.283533e+04
6.5 1.263465e+04 1.267734e+04 1.276158e+04 1.271889e+04
7.5 1.268855e+04 1.268058e+04 1.276589e+04 1.277386e+04
8.5 1.275589e+04 1.267926e+04 1.276598e+04 1.284261e+04
9.5 1.286039e+04 1.267647e+04 1.276429e+04 1.294821e+04
10.5 1.291692e+04 1.268498e+04 1.277345e+04 1.300538e+04
11.5 1.289160e+04 1.271791e+04 1.281126e+04 1.298495e+04
12.5 1.291550e+04 1.273014e+04 1.283996e+04 1.302532e+04
13.5 1.282658e+04 1.269654e+04 1.282329e+04 1.295334e+04
14.5 1.276987e+04 1.265419e+04 1.279042e+04 1.290610e+04
15.5 1.271312e+04 1.262768e+04 1.276701e+04 1.285245e+04
16.5 1.263733e+04 1.261626e+04 1.275517e+04 1.277624e+04
17.5 1.251606e+04 1.261392e+04 1.275087e+04 1.265301e+04
18.5 1.263254e+04 1.261622e+04 1.275082e+04 1.276713e+04
19.5 1.255537e+04 1.262013e+04 1.275262e+04 1.268786e+04
20.5 1.266621e+04 1.261963e+04 1.275471e+04 1.280129e+04
21.5 1.275500e+04 1.265724e+04 1.275633e+04 1.285409e+04
22.5 1.282203e+04 1.282738e+04 1.275734e+04 1.275199e+04
23.5 1.276978e+04 1.302335e+04 1.275788e+04 1.250431e+04
24.5 1.285545e+04 1.314612e+04 1.275815e+04 1.246748e+04
25.5 1.304889e+04 1.319629e+04 1.275828e+04 1.261088e+04
26.5 1.315166e+04 1.320394e+04 1.275834e+04 1.270606e+04
27.5 1.326339e+04 1.319228e+04 1.275839e+04 1.282950e+04
0.5 1.262395e+04 1.264140e+04 1.274751e+04 1.273006e+04
1.5 1.254400e+04 1.261645e+04 1.270814e+04 1.263569e+04
2.5 1.259002e+04 1.261012e+04 1.267849e+04 1.265839e+04
3.5 1.264457e+04 1.264862e+04 1.269467e+04 1.269062e+04
4.5 1.269567e+04 1.269554e+04 1.272733e+04 1.272746e+04
5.5 1.291247e+04 1.272660e+04 1.275067e+04 1.293654e+04
6.5 1.292633e+04 1.274269e+04 1.276249e+04 1.294612e+04
7.5 1.287245e+04 1.274987e+04 1.276678e+04 1.288936e+04
8.5 1.278725e+04 1.275264e+04 1.276682e+04 1.280143e+04
9.5 1.262458e+04 1.275409e+04 1.276508e+04 1.263558e+04
10.5 1.262044e+04 1.276700e+04 1.277421e+04 1.262765e+04
11.5 1.266988e+04 1.280448e+04 1.281200e+04 1.267740e+04
12.5 1.265678e+04 1.282140e+04 1.284067e+04 1.267605e+04
13.5 1.276008e+04 1.279263e+04 1.282397e+04 1.279143e+04
14.5 1.273004e+04 1.275522e+04 1.279107e+04 1.276589e+04
15.5 1.273333e+04 1.273376e+04 1.276762e+04 1.276719e+04
16.5 1.282620e+04 1.272750e+04 1.275574e+04 1.285443e+04
17.5 1.286132e+04 1.273039e+04 1.275138e+04 1.288231e+04
18.5 1.295214e+04 1.273779e+04 1.275125e+04 1.296560e+04
