0.5 1.260343e+04 1.260519e+04 1.273486e+04 1.273310e+04
1.5 1.269919e+04 1.260903e+04 1.271346e+04 1.280361e+04
2.5 1.283179e+04 1.266865e+04 1.269733e+04 1.286046e+04
3.5 1.281250e+04 1.275466e+04 1.270606e+04 1.276390e+04
4.5 1.282838e+04 1.281634e+04 1.272373e+04 1.273577e+04
5.5 1.291461e+04 1.284471e+04 1.273635e+04 1.280625e+04
6.5 1.291478e+04 1.285135e+04 1.274272e+04 1.280615e+04
7.5 1.282222e+04 1.284729e+04 1.274503e+04 1.271996e+04
8.5 1.274323e+04 1.283952e+04 1.274505e+04 1.264876e+04
9.5 1.282198e+04 1.283205e+04 1.274410e+04 1.273404e+04
10.5 1.285929e+04 1.283238e+04 1.274905e+04 1.277596e+04
11.5 1.288256e+04 1.282931e+04 1.276953e+04 1.282278e+04
12.5 1.285534e+04 1.276977e+04 1.278507e+04 1.287065e+04
13.5 1.275746e+04 1.268343e+04 1.277601e+04 1.285005e+04
14.5 1.261003e+04 1.262123e+04 1.275817e+04 1.274697e+04
15.5 1.266327e+04 1.259230e+04 1.274545e+04 1.281642e+04
16.5 1.248403e+04 1.258507e+04 1.273901e+04 1.263798e+04
17.5 1.246524e+04 1.258858e+04 1.273666e+04 1.261332e+04
18.5 1.247911e+04 1.259583e+04 1.273660e+04 1.261988e+04
19.5 1.258470e+04 1.260279e+04 1.273756e+04 1.271946e+04
20.5 1.265758e+04 1.259840e+04 1.273867e+04 1.279784e+04
21.5 1.272919e+04 1.259782e+04 1.273952e+04 1.287090e+04
22.5 1.279835e+04 1.268148e+04 1.274005e+04 1.285692e+04
23.5 1.285054e+04 1.280838e+04 1.274033e+04 1.278249e+04
24.5 1.297071e+04 1.290141e+04 1.274045e+04 1.280975e+04
25.5 1.296206e+04 1.294513e+04 1.274050e+04 1.275743e+04
26.5 1.298517e+04 1.295623e+04 1.274051e+04 1.276946e+04
27.5 1.296337e+04 1.295106e+04 1.274052e+04 1.275283e+04
0.5 1.259064e+04 1.259746e+04 1.273433e+04 1.272750e+04
1.5 1.255773e+04 1.260187e+04 1.271295e+04 1.266882e+04
2.5 1.257954e+04 1.266202e+04 1.269686e+04 1.261438e+04
3.5 1.278216e+04 1.274852e+04 1.270561e+04 1.273925e+04
4.5 1.286775e+04 1.281067e+04 1.272331e+04 1.278039e+04
5.5 1.282790e+04 1.283947e+04 1.273595e+04 1.272438e+04
6.5 1.279000e+04 1.284650e+04 1.274236e+04 1.268585e+04
7.5 1.283284e+04 1.284279e+04 1.274469e+04 1.273474e+04
8.5 1.292044e+04 1.283535e+04 1.274473e+04 1.282983e+04
9.5 1.287993e+04 1.282818e+04 1.274381e+04 1.279556e+04
10.5 1.276457e+04 1.282878e+04 1.274877e+04 1.268456e+04
11.5 1.275780e+04 1.282597e+04 1.276927e+04 1.270110e+04
12.5 1.283777e+04 1.276667e+04 1.278483e+04 1.285593e+04
13.5 1.284463e+04 1.268056e+04 1.277579e+04 1.293986e+04
14.5 1.274847e+04 1.261857e+04 1.275796e+04 1.288785e+04
15.5 1.255941e+04 1.258983e+04 1.274526e+04 1.271483e+04
16.5 1.253980e+04 1.258279e+04 1.273883e+04 1.269584e+04
17.5 1.259279e+04 1.258647e+04 1.273648e+04 1.274281e+04
18.5 1.247025e+04 1.259390e+04 1.273644e+04 1.261279e+04
19.5 1.246474e+04 1.260104e+04 1.273741e+04 1.260110e+04
20.5 1.242777e+04 1.259683e+04 1.273853e+04 1.256947e+04
21.5 1.254944e+04 1.259643e+04 1.273940e+04 1.269241e+04
22.5 1.268888e+04 1.268025e+04 1.273993e+04 1.274856e+04
23.5 1.281959e+04 1.280729e+04 1.274022e+04 1.275252e+04
24.5 1.285564e+04 1.290046e+04 1.274035e+04 1.269554e+04
25.5 1.292893e+04 1.294430e+04 1.274041e+04 1.272504e+04
26.5 1.290662e+04 1.295550e+04 1.274043e+04 1.269155e+04
27.5 1.300050e+04 1.295043e+04 1.274044e+04 1.279050e+04
0.5 1.265240e+04 1.259721e+04 1.273429e+04 1.278947e+04
1.5 1.271691e+04 1.260166e+04 1.271292e+04 1.282816e+04
2.5 1.280390e+04 1.266185e+04 1.269683e+04 1.283887e+04
3.5 1.283053e+04 1.274840e+04 1.270559e+04 1.278772e+04
4.5 1.303513e+04 1.281057e+04 1.272328e+04 1.294784e+04
5.5 1.305520e+04 1.283939e+04 1.273593e+04 1.295174e+04
6.5 1.302673e+04 1.284646e+04 1.274233e+04 1.292260e+04
7.5 1.276628e+04 1.284279e+04 1.274468e+04 1.266817e+04
8.5 1.269794e+04 1.283537e+04 1.274473e+04 1.260730e+04
9.5 1.267931e+04 1.282821e+04 1.274381e+04 1.259491e+04
10.5 1.270451e+04 1.282881e+04 1.274878e+04 1.262448e+04
11.5 1.255166e+04 1.282599e+04 1.276928e+04 1.249494e+04
12.5 1.261656e+04 1.276668e+04 1.278483e+04 1.263471e+04
13.5 1.251756e+04 1.268057e+04 1.277579e+04 1.261278e+04
14.5 1.245520e+04 1.261858e+04 1.275796e+04 1.259458e+04
15.5 1.262277e+04 1.258984e+04 1.274526e+04 1.277819e+04
16.5 1.254114e+04 1.258279e+04 1.273883e+04 1.269719e+04
17.5 1.246278e+04 1.258647e+04 1.273648e+04 1.261279e+04
18.5 1.244650e+04 1.259390e+04 1.273644e+04 1.258905e+04
19.5 1.252662e+04 1.260104e+04 1.273741e+04 1.266299e+04
20.5 1.249068e+04 1.259683e+04 1.273853e+04 1.263238e+04
21.5 1.246208e+04 1.259643e+04 1.273940e+04 1.260505e+04
22.5 1.242639e+04 1.268025e+04 1.273993e+04 1.248608e+04
23.5 1.243123e+04 1.280729e+04 1.274022e+04 1.236416e+04
24.5 1.266891e+04 1.290047e+04 1.274035e+04 1.250879e+04
25.5 1.275616e+04 1.294429e+04 1.274041e+04 1.255229e+04
26.5 1.289245e+04 1.295547e+04 1.274044e+04 1.267742e+04
27.5 1.297360e+04 1.295038e+04 1.274045e+04 1.276366e+04
0.5 1.277099e+04 1.259772e+04 1.273432e+04 1.290759e+04
1.5 1.271151e+04 1.260220e+04 1.271295e+04 1.282226e+04
2.5 1.279976e+04 1.266242e+04 1.269686e+04 1.283420e+04
3.5 1.278474e+04 1.274900e+04 1.270563e+04 1.274136e+04
4.5 1.293090e+04 1.281122e+04 1.272333e+04 1.284301e+04
5.5 1.300653e+04 1.284008e+04 1.273598e+04 1.290242e+04
6.5 1.288971e+04 1.284721e+04 1.274238e+04 1.278489e+04
7.5 1.271720e+04 1.284361e+04 1.274472e+04 1.261832e+04
8.5 1.265160e+04 1.283627e+04 1.274477e+04 1.256010e+04
9.5 1.278428e+04 1.282922e+04 1.274385e+04 1.269891e+04
10.5 1.278404e+04 1.282995e+04 1.274882e+04 1.270290e+04
11.5 1.282372e+04 1.282728e+04 1.276933e+04 1.276577e+04
12.5 1.296310e+04 1.276812e+04 1.278489e+04 1.297987e+04
13.5 1.283593e+04 1.268218e+04 1.277585e+04 1.292960e+04
14.5 1.271976e+04 1.262038e+04 1.275802e+04 1.285741e+04
15.5 1.251485e+04 1.259183e+04 1.274533e+04 1.266834e+04
16.5 1.249035e+04 1.258501e+04 1.273891e+04 1.264426e+04
17.5 1.247649e+04 1.258891e+04 1.273658e+04 1.262415e+04
18.5 1.262188e+04 1.259658e+04 1.273655e+04 1.276185e+04
19.5 1.262429e+04 1.260395e+04 1.273753e+04 1.275787e+04
20.5 1.263371e+04 1.259998e+04 1.273866e+04 1.277239e+04
21.5 1.265928e+04 1.259983e+04 1.273954e+04 1.279898e+04
22.5 1.273502e+04 1.268393e+04 1.274008e+04 1.279117e+04
23.5 1.274507e+04 1.281128e+04 1.274038e+04 1.267417e+04
24.5 1.283560e+04 1.290477e+04 1.274052e+04 1.267135e+04
25.5 1.299249e+04 1.294897e+04 1.274059e+04 1.278411e+04
26.5 1.300256e+04 1.296055e+04 1.274063e+04 1.278263e+04
27.5 1.307893e+04 1.295591e+04 1.274065e+04 1.286368e+04
0.5 1.267188e+04 1.261342e+04 1.273475e+04 1.279321e+04
1.5 1.257024e+04 1.261903e+04 1.271340e+04 1.266462e+04
2.5 1.254614e+04 1.268044e+04 1.269733e+04 1.256303e+04
3.5 1.248848e+04 1.276828e+04 1.270610e+04 1.242630e+04
4.5 1.258122e+04 1.283182e+04 1.272381e+04 1.247320e+04
5.5 1.294301e+04 1.286210e+04 1.273647e+04 1.281738e+04
6.5 1.299724e+04 1.287071e+04 1.274287e+04 1.286941e+04
7.5 1.310646e+04 1.286867e+04 1.274520e+04 1.298299e+04
8.5 1.294645e+04 1.286301e+04 1.274522e+04 1.282867e+04
9.5 1.288203e+04 1.285777e+04 1.274428e+04 1.276854e+04
10.5 1.282336e+04 1.286044e+04 1.274923e+04 1.271216e+04
11.5 1.276194e+04 1.285981e+04 1.276972e+04 1.267185e+04
12.5 1.273450e+04 1.280281e+04 1.278527e+04 1.271696e+04
13.5 1.268779e+04 1.271912e+04 1.277622e+04 1.274490e+04
14.5 1.257232e+04 1.265966e+04 1.275838e+04 1.267104e+04
15.5 1.258910e+04 1.263355e+04 1.274566e+04 1.270121e+04
16.5 1.265140e+04 1.262928e+04 1.273922e+04 1.276134e+04
17.5 1.274480e+04 1.263585e+04 1.273685e+04 1.284580e+04
18.5 1.281641e+04 1.264618e+04 1.273678e+04 1.290701e+04
