0.5 1.124495e+04 1.126173e+04 1.129018e+04 1.127339e+04
1.5 1.128897e+04 1.125078e+04 1.127417e+04 1.131236e+04
2.5 1.132877e+04 1.126113e+04 1.126204e+04 1.132969e+04
3.5 1.134061e+04 1.129102e+04 1.126845e+04 1.131804e+04
4.5 1.133940e+04 1.131696e+04 1.128159e+04 1.130402e+04
5.5 1.133215e+04 1.133002e+04 1.129098e+04 1.129311e+04
6.5 1.133179e+04 1.133344e+04 1.129574e+04 1.129409e+04
7.5 1.135650e+04 1.133171e+04 1.129747e+04 1.132225e+04
8.5 1.131970e+04 1.132788e+04 1.129750e+04 1.128931e+04
9.5 1.125649e+04 1.132381e+04 1.129681e+04 1.122949e+04
10.5 1.123765e+04 1.132481e+04 1.130051e+04 1.121336e+04
11.5 1.125316e+04 1.133124e+04 1.131585e+04 1.123776e+04
12.5 1.127097e+04 1.131714e+04 1.132756e+04 1.128139e+04
13.5 1.125186e+04 1.128401e+04 1.132092e+04 1.128877e+04
14.5 1.123603e+04 1.125516e+04 1.130767e+04 1.128854e+04
15.5 1.125412e+04 1.123941e+04 1.129822e+04 1.131292e+04
16.5 1.125736e+04 1.123346e+04 1.129343e+04 1.131733e+04
17.5 1.122601e+04 1.123278e+04 1.129168e+04 1.128491e+04
18.5 1.119188e+04 1.123432e+04 1.129164e+04 1.124920e+04
19.5 1.120385e+04 1.123628e+04 1.129236e+04 1.125994e+04
20.5 1.125172e+04 1.123948e+04 1.129320e+04 1.130544e+04
21.5 1.131141e+04 1.126513e+04 1.129384e+04 1.134012e+04
22.5 1.135244e+04 1.133736e+04 1.129425e+04 1.130934e+04
23.5 1.140709e+04 1.140522e+04 1.129446e+04 1.129633e+04
24.5 1.145983e+04 1.144049e+04 1.129457e+04 1.131390e+04
25.5 1.154746e+04 1.145129e+04 1.129461e+04 1.139078e+04
26.5 1.161436e+04 1.144960e+04 1.129463e+04 1.145939e+04
27.5 1.153678e+04 1.144292e+04 1.129464e+04 1.138850e+04
0.5 1.115747e+04 1.122404e+04 1.129011e+04 1.122353e+04
1.5 1.125867e+04 1.121673e+04 1.127413e+04 1.131606e+04
2.5 1.127936e+04 1.122967e+04 1.126202e+04 1.131171e+04
3.5 1.128255e+04 1.126157e+04 1.126845e+04 1.128943e+04
4.5 1.129070e+04 1.128921e+04 1.128160e+04 1.128309e+04
5.5 1.131770e+04 1.130381e+04 1.129102e+04 1.130490e+04
6.5 1.137541e+04 1.130869e+04 1.129580e+04 1.136252e+04
7.5 1.136936e+04 1.130835e+04 1.129755e+04 1.135857e+04
8.5 1.130599e+04 1.130583e+04 1.129759e+04 1.129775e+04
9.5 1.126185e+04 1.130301e+04 1.129692e+04 1.125575e+04
10.5 1.128231e+04 1.130521e+04 1.130063e+04 1.127773e+04
11.5 1.130738e+04 1.131280e+04 1.131596e+04 1.131055e+04
12.5 1.133993e+04 1.129979e+04 1.132768e+04 1.136781e+04
13.5 1.130912e+04 1.126771e+04 1.132104e+04 1.136244e+04
14.5 1.123139e+04 1.123987e+04 1.130779e+04 1.129931e+04
15.5 1.117703e+04 1.122508e+04 1.129834e+04 1.125028e+04
16.5 1.115951e+04 1.122004e+04 1.129354e+04 1.123301e+04
17.5 1.120195e+04 1.122023e+04 1.129179e+04 1.127351e+04
18.5 1.123561e+04 1.122261e+04 1.129174e+04 1.130475e+04
19.5 1.128079e+04 1.122535e+04 1.129246e+04 1.134790e+04
20.5 1.128994e+04 1.122931e+04 1.129329e+04 1.135392e+04
21.5 1.124352e+04 1.125568e+04 1.129393e+04 1.128178e+04
22.5 1.125209e+04 1.132857e+04 1.129433e+04 1.121786e+04
23.5 1.137898e+04 1.139706e+04 1.129455e+04 1.127646e+04
24.5 1.147566e+04 1.143294e+04 1.129465e+04 1.133737e+04
25.5 1.150054e+04 1.144430e+04 1.129469e+04 1.135093e+04
26.5 1.147546e+04 1.144312e+04 1.129471e+04 1.132705e+04
27.5 1.148620e+04 1.143691e+04 1.129472e+04 1.134401e+04
0.5 1.103129e+04 1.122196e+04 1.129012e+04 1.109945e+04
1.5 1.107923e+04 1.121484e+04 1.127415e+04 1.113854e+04
2.5 1.116556e+04 1.122795e+04 1.126203e+04 1.119964e+04
3.5 1.122975e+04 1.126001e+04 1.126847e+04 1.123820e+04
4.5 1.127859e+04 1.128780e+04 1.128162e+04 1.127241e+04
5.5 1.129214e+04 1.130253e+04 1.129103e+04 1.128064e+04
6.5 1.131218e+04 1.130753e+04 1.129581e+04 1.130046e+04
7.5 1.133324e+04 1.130730e+04 1.129757e+04 1.132350e+04
8.5 1.138428e+04 1.130489e+04 1.129762e+04 1.137700e+04
9.5 1.135284e+04 1.130215e+04 1.129694e+04 1.134763e+04
10.5 1.131793e+04 1.130443e+04 1.130065e+04 1.131415e+04
11.5 1.129074e+04 1.131208e+04 1.131599e+04 1.129464e+04
12.5 1.130509e+04 1.129914e+04 1.132770e+04 1.133365e+04
13.5 1.134116e+04 1.126711e+04 1.132106e+04 1.139510e+04
14.5 1.138340e+04 1.123933e+04 1.130781e+04 1.145188e+04
15.5 1.139421e+04 1.122458e+04 1.129835e+04 1.146798e+04
16.5 1.140379e+04 1.121958e+04 1.129355e+04 1.147776e+04
17.5 1.138756e+04 1.121982e+04 1.129180e+04 1.145954e+04
18.5 1.133487e+04 1.122225e+04 1.129175e+04 1.140438e+04
19.5 1.126911e+04 1.122505e+04 1.129247e+04 1.133653e+04
20.5 1.128759e+04 1.122906e+04 1.129330e+04 1.135183e+04
21.5 1.133834e+04 1.125548e+04 1.129394e+04 1.137680e+04
22.5 1.142239e+04 1.132842e+04 1.129434e+04 1.138831e+04
23.5 1.149223e+04 1.139695e+04 1.129455e+04 1.138983e+04
24.5 1.165088e+04 1.143286e+04 1.129465e+04 1.151267e+04
25.5 1.167234e+04 1.144425e+04 1.129469e+04 1.152278e+04
26.5 1.166629e+04 1.144311e+04 1.129471e+04 1.151790e+04
27.5 1.150807e+04 1.143693e+04 1.129472e+04 1.136586e+04
0.5 1.107240e+04 1.122196e+04 1.129012e+04 1.114056e+04
1.5 1.107322e+04 1.121484e+04 1.127415e+04 1.113253e+04
2.5 1.106026e+04 1.122795e+04 1.126203e+04 1.109434e+04
3.5 1.107490e+04 1.126001e+04 1.126847e+04 1.108336e+04
4.5 1.114364e+04 1.128780e+04 1.128162e+04 1.113746e+04
5.5 1.124179e+04 1.130252e+04 1.129103e+04 1.123030e+04
6.5 1.129093e+04 1.130750e+04 1.129581e+04 1.127924e+04
7.5 1.133379e+04 1.130726e+04 1.129756e+04 1.132409e+04
8.5 1.135945e+04 1.130484e+04 1.129760e+04 1.135222e+04
9.5 1.136758e+04 1.130210e+04 1.129692e+04 1.136240e+04
10.5 1.134938e+04 1.130436e+04 1.130063e+04 1.134565e+04
11.5 1.133256e+04 1.131201e+04 1.131597e+04 1.133652e+04
12.5 1.135297e+04 1.129906e+04 1.132768e+04 1.138158e+04
13.5 1.133348e+04 1.126703e+04 1.132103e+04 1.138749e+04
14.5 1.127527e+04 1.123923e+04 1.130778e+04 1.134382e+04
15.5 1.123579e+04 1.122448e+04 1.129832e+04 1.130963e+04
16.5 1.122705e+04 1.121947e+04 1.129353e+04 1.130111e+04
17.5 1.121773e+04 1.121969e+04 1.129177e+04 1.128980e+04
18.5 1.125069e+04 1.122210e+04 1.129173e+04 1.132031e+04
19.5 1.136568e+04 1.122488e+04 1.129244e+04 1.143324e+04
20.5 1.141817e+04 1.122886e+04 1.129327e+04 1.148258e+04
21.5 1.142043e+04 1.125524e+04 1.129391e+04 1.145910e+04
22.5 1.142239e+04 1.132814e+04 1.129431e+04 1.138855e+04
23.5 1.138985e+04 1.139663e+04 1.129452e+04 1.128774e+04
24.5 1.146056e+04 1.143249e+04 1.129461e+04 1.132268e+04
25.5 1.150678e+04 1.144383e+04 1.129465e+04 1.135760e+04
26.5 1.142930e+04 1.144263e+04 1.129466e+04 1.128133e+04
27.5 1.130354e+04 1.143640e+04 1.129466e+04 1.116180e+04
0.5 1.118734e+04 1.122076e+04 1.128998e+04 1.125656e+04
1.5 1.123376e+04 1.121352e+04 1.127399e+04 1.129423e+04
2.5 1.125698e+04 1.122650e+04 1.126186e+04 1.129234e+04
3.5 1.125853e+04 1.125843e+04 1.126828e+04 1.126838e+04
4.5 1.130038e+04 1.128607e+04 1.128142e+04 1.129573e+04
5.5 1.142259e+04 1.130065e+04 1.129082e+04 1.141276e+04
6.5 1.146062e+04 1.130548e+04 1.129558e+04 1.145072e+04
7.5 1.144377e+04 1.130508e+04 1.129731e+04 1.143601e+04
8.5 1.139661e+04 1.130248e+04 1.129733e+04 1.139146e+04
9.5 1.135746e+04 1.129956e+04 1.129662e+04 1.135453e+04
10.5 1.131665e+04 1.130165e+04 1.130031e+04 1.131531e+04
11.5 1.123889e+04 1.130910e+04 1.131562e+04 1.124541e+04
12.5 1.119846e+04 1.129596e+04 1.132731e+04 1.122981e+04
13.5 1.120649e+04 1.126371e+04 1.132064e+04 1.126341e+04
14.5 1.121690e+04 1.123570e+04 1.130736e+04 1.128857e+04
15.5 1.127722e+04 1.122073e+04 1.129788e+04 1.135438e+04
16.5 1.134572e+04 1.121548e+04 1.129306e+04 1.142329e+04
17.5 1.134664e+04 1.121546e+04 1.129128e+04 1.142246e+04
18.5 1.127904e+04 1.121760e+04 1.129121e+04 1.135265e+04
19.5 1.127174e+04 1.122008e+04 1.129190e+04 1.134356e+04
20.5 1.132087e+04 1.122375e+04 1.129270e+04 1.138982e+04
21.5 1.129740e+04 1.124981e+04 1.129331e+04 1.134090e+04
22.5 1.126717e+04 1.132239e+04 1.129368e+04 1.123846e+04
23.5 1.122529e+04 1.139056e+04 1.129386e+04 1.112859e+04
24.5 1.123241e+04 1.142611e+04 1.129393e+04 1.110023e+04
25.5 1.142880e+04 1.143714e+04 1.129394e+04 1.128560e+04
26.5 1.157555e+04 1.143565e+04 1.129392e+04 1.143382e+04
27.5 1.161745e+04 1.142915e+04 1.129390e+04 1.148219e+04
