0.5 1.201537e+04 1.206804e+04 1.213512e+04 1.208246e+04
1.5 1.206533e+04 1.207881e+04 1.213664e+04 1.212317e+04
2.5 1.209126e+04 1.210441e+04 1.213779e+04 1.212464e+04
3.5 1.213547e+04 1.212838e+04 1.213717e+04 1.214426e+04
4.5 1.216126e+04 1.214112e+04 1.213591e+04 1.215605e+04
5.5 1.223985e+04 1.214528e+04 1.213501e+04 1.222958e+04
6.5 1.228316e+04 1.214501e+04 1.213456e+04 1.227271e+04
7.5 1.218369e+04 1.214294e+04 1.213439e+04 1.217514e+04
8.5 1.207946e+04 1.214057e+04 1.213439e+04 1.207328e+04
9.5 1.203907e+04 1.213867e+04 1.213446e+04 1.203486e+04
10.5 1.210916e+04 1.213693e+04 1.213411e+04 1.210633e+04
11.5 1.216293e+04 1.212816e+04 1.213265e+04 1.216742e+04
12.5 1.214337e+04 1.210360e+04 1.213154e+04 1.217130e+04
13.5 1.210012e+04 1.208011e+04 1.213218e+04 1.215219e+04
14.5 1.210047e+04 1.206755e+04 1.213346e+04 1.216637e+04
15.5 1.212522e+04 1.206342e+04 1.213436e+04 1.219616e+04
16.5 1.205623e+04 1.206368e+04 1.213482e+04 1.212737e+04
17.5 1.199118e+04 1.206572e+04 1.213499e+04 1.206045e+04
18.5 1.197827e+04 1.206805e+04 1.213499e+04 1.204522e+04
19.5 1.198885e+04 1.206988e+04 1.213493e+04 1.205389e+04
20.5 1.206044e+04 1.206670e+04 1.213485e+04 1.212858e+04
21.5 1.216685e+04 1.207009e+04 1.213479e+04 1.223155e+04
22.5 1.222526e+04 1.212411e+04 1.213475e+04 1.223590e+04
23.5 1.227960e+04 1.219904e+04 1.213473e+04 1.221529e+04
24.5 1.231900e+04 1.225148e+04 1.213472e+04 1.220225e+04
25.5 1.233746e+04 1.227515e+04 1.213472e+04 1.219703e+04
26.5 1.235871e+04 1.228044e+04 1.213471e+04 1.221298e+04
27.5 1.235133e+04 1.227679e+04 1.213471e+04 1.220926e+04
0.5 1.209026e+04 1.206737e+04 1.213516e+04 1.215804e+04
1.5 1.204047e+04 1.207821e+04 1.213668e+04 1.209893e+04
2.5 1.207269e+04 1.210389e+04 1.213783e+04 1.210663e+04
3.5 1.216989e+04 1.212791e+04 1.213720e+04 1.217919e+04
4.5 1.221345e+04 1.214070e+04 1.213594e+04 1.220869e+04
5.5 1.215351e+04 1.214491e+04 1.213504e+04 1.214364e+04
6.5 1.207323e+04 1.214467e+04 1.213458e+04 1.206314e+04
7.5 1.207632e+04 1.214262e+04 1.213442e+04 1.206812e+04
8.5 1.214667e+04 1.214027e+04 1.213441e+04 1.214081e+04
9.5 1.212971e+04 1.213838e+04 1.213448e+04 1.212580e+04
10.5 1.205249e+04 1.213666e+04 1.213413e+04 1.204995e+04
11.5 1.199977e+04 1.212791e+04 1.213266e+04 1.200453e+04
12.5 1.210103e+04 1.210336e+04 1.213156e+04 1.212922e+04
13.5 1.223221e+04 1.207988e+04 1.213220e+04 1.228452e+04
14.5 1.220645e+04 1.206733e+04 1.213347e+04 1.227258e+04
15.5 1.210913e+04 1.206322e+04 1.213438e+04 1.218028e+04
16.5 1.206712e+04 1.206348e+04 1.213483e+04 1.213848e+04
17.5 1.206656e+04 1.206554e+04 1.213500e+04 1.213602e+04
18.5 1.202946e+04 1.206788e+04 1.213500e+04 1.209658e+04
19.5 1.199526e+04 1.206975e+04 1.213494e+04 1.206045e+04
20.5 1.196168e+04 1.206660e+04 1.213486e+04 1.202993e+04
21.5 1.199882e+04 1.207002e+04 1.213479e+04 1.206359e+04
22.5 1.210529e+04 1.212407e+04 1.213476e+04 1.211598e+04
23.5 1.219451e+04 1.219903e+04 1.213474e+04 1.213021e+04
24.5 1.224544e+04 1.225149e+04 1.213473e+04 1.212867e+04
25.5 1.227651e+04 1.227519e+04 1.213472e+04 1.213605e+04
26.5 1.228599e+04 1.228050e+04 1.213472e+04 1.214021e+04
27.5 1.229879e+04 1.227686e+04 1.213472e+04 1.215665e+04
0.5 1.207858e+04 1.206734e+04 1.213516e+04 1.214640e+04
1.5 1.213528e+04 1.207819e+04 1.213668e+04 1.219377e+04
2.5 1.219167e+04 1.210386e+04 1.213783e+04 1.222564e+04
3.5 1.225528e+04 1.212789e+04 1.213720e+04 1.226460e+04
4.5 1.237469e+04 1.214068e+04 1.213594e+04 1.236995e+04
5.5 1.236363e+04 1.214489e+04 1.213504e+04 1.235377e+04
6.5 1.230965e+04 1.214466e+04 1.213458e+04 1.229957e+04
7.5 1.212083e+04 1.214262e+04 1.213442e+04 1.211262e+04
8.5 1.199341e+04 1.214028e+04 1.213441e+04 1.198754e+04
9.5 1.197531e+04 1.213839e+04 1.213448e+04 1.197140e+04
10.5 1.194482e+04 1.213667e+04 1.213413e+04 1.194228e+04
11.5 1.191031e+04 1.212791e+04 1.213266e+04 1.191507e+04
12.5 1.198992e+04 1.210337e+04 1.213156e+04 1.201811e+04
13.5 1.201185e+04 1.207989e+04 1.213220e+04 1.206417e+04
14.5 1.199677e+04 1.206734e+04 1.213347e+04 1.206290e+04
15.5 1.204556e+04 1.206322e+04 1.213438e+04 1.211672e+04
16.5 1.206127e+04 1.206348e+04 1.213483e+04 1.213262e+04
17.5 1.198278e+04 1.206554e+04 1.213500e+04 1.205224e+04
18.5 1.193760e+04 1.206788e+04 1.213500e+04 1.200472e+04
19.5 1.195015e+04 1.206975e+04 1.213494e+04 1.201534e+04
20.5 1.197087e+04 1.206660e+04 1.213486e+04 1.203912e+04
21.5 1.197078e+04 1.207002e+04 1.213479e+04 1.203555e+04
22.5 1.195770e+04 1.212407e+04 1.213476e+04 1.196838e+04
23.5 1.196358e+04 1.219903e+04 1.213474e+04 1.189928e+04
24.5 1.204748e+04 1.225149e+04 1.213473e+04 1.193071e+04
25.5 1.216856e+04 1.227518e+04 1.213472e+04 1.202811e+04
26.5 1.224178e+04 1.228048e+04 1.213472e+04 1.209603e+04
27.5 1.229206e+04 1.227683e+04 1.213472e+04 1.214995e+04
0.5 1.222611e+04 1.206775e+04 1.213516e+04 1.229351e+04
1.5 1.220453e+04 1.207864e+04 1.213668e+04 1.226257e+04
2.5 1.216148e+04 1.210435e+04 1.213783e+04 1.219496e+04
3.5 1.211672e+04 1.212842e+04 1.213720e+04 1.212550e+04
4.5 1.219036e+04 1.214126e+04 1.213594e+04 1.218505e+04
5.5 1.218282e+04 1.214552e+04 1.213504e+04 1.217234e+04
6.5 1.212396e+04 1.214535e+04 1.213458e+04 1.211319e+04
7.5 1.207356e+04 1.214338e+04 1.213441e+04 1.206459e+04
8.5 1.211647e+04 1.214112e+04 1.213441e+04 1.210976e+04
9.5 1.216749e+04 1.213932e+04 1.213448e+04 1.216264e+04
10.5 1.221316e+04 1.213770e+04 1.213412e+04 1.220957e+04
11.5 1.223285e+04 1.212905e+04 1.213266e+04 1.223646e+04
12.5 1.229797e+04 1.210463e+04 1.213155e+04 1.232489e+04
13.5 1.227919e+04 1.208128e+04 1.213220e+04 1.233011e+04
14.5 1.216841e+04 1.206887e+04 1.213347e+04 1.223301e+04
15.5 1.206750e+04 1.206491e+04 1.213437e+04 1.213696e+04
16.5 1.197302e+04 1.206534e+04 1.213483e+04 1.204251e+04
17.5 1.192788e+04 1.206757e+04 1.213500e+04 1.199530e+04
18.5 1.198095e+04 1.207011e+04 1.213500e+04 1.204584e+04
19.5 1.197911e+04 1.207216e+04 1.213493e+04 1.204187e+04
20.5 1.203880e+04 1.206923e+04 1.213485e+04 1.210442e+04
21.5 1.208081e+04 1.207287e+04 1.213478e+04 1.214272e+04
22.5 1.211203e+04 1.212716e+04 1.213475e+04 1.211962e+04
23.5 1.212215e+04 1.220238e+04 1.213472e+04 1.205449e+04
24.5 1.216146e+04 1.225513e+04 1.213471e+04 1.204105e+04
25.5 1.229282e+04 1.227912e+04 1.213471e+04 1.214840e+04
26.5 1.236613e+04 1.228476e+04 1.213471e+04 1.221607e+04
27.5 1.237668e+04 1.228149e+04 1.213470e+04 1.222989e+04
0.5 1.213483e+04 1.208064e+04 1.213513e+04 1.218931e+04
1.5 1.211264e+04 1.209243e+04 1.213665e+04 1.215685e+04
2.5 1.210826e+04 1.211911e+04 1.213779e+04 1.212694e+04
3.5 1.207675e+04 1.214420e+04 1.213717e+04 1.206972e+04
4.5 1.210043e+04 1.215810e+04 1.213590e+04 1.207824e+04
5.5 1.226190e+04 1.216348e+04 1.213500e+04 1.223342e+04
6.5 1.234902e+04 1.216448e+04 1.213455e+04 1.231909e+04
7.5 1.230576e+04 1.216374e+04 1.213438e+04 1.227641e+04
8.5 1.218382e+04 1.216277e+04 1.213438e+04 1.215543e+04
9.5 1.206840e+04 1.216234e+04 1.213445e+04 1.204051e+04
10.5 1.199193e+04 1.216214e+04 1.213409e+04 1.196388e+04
11.5 1.199440e+04 1.215498e+04 1.213263e+04 1.197206e+04
12.5 1.200762e+04 1.213209e+04 1.213152e+04 1.200705e+04
13.5 1.207106e+04 1.211033e+04 1.213217e+04 1.209289e+04
14.5 1.208951e+04 1.209957e+04 1.213344e+04 1.212338e+04
15.5 1.208611e+04 1.209730e+04 1.213435e+04 1.212316e+04
16.5 1.214606e+04 1.209949e+04 1.213481e+04 1.218138e+04
17.5 1.220586e+04 1.210352e+04 1.213498e+04 1.223732e+04
18.5 1.221883e+04 1.210785e+04 1.213498e+04 1.224596e+04
