0.5 1.124495e+04 1.126173e+04 1.127496e+04 1.125817e+04
1.5 1.128897e+04 1.125078e+04 1.128182e+04 1.132001e+04
2.5 1.132877e+04 1.126113e+04 1.130607e+04 1.137372e+04
3.5 1.134061e+04 1.129102e+04 1.133128e+04 1.138086e+04
4.5 1.133940e+04 1.131696e+04 1.134577e+04 1.136820e+04
5.5 1.133215e+04 1.133002e+04 1.135105e+04 1.135318e+04
6.5 1.133179e+04 1.133344e+04 1.135129e+04 1.134964e+04
7.5 1.135650e+04 1.133171e+04 1.134937e+04 1.137415e+04
8.5 1.131970e+04 1.132788e+04 1.134699e+04 1.133880e+04
9.5 1.125649e+04 1.132381e+04 1.134503e+04 1.127771e+04
10.5 1.123765e+04 1.132481e+04 1.134370e+04 1.125655e+04
11.5 1.125316e+04 1.133124e+04 1.133613e+04 1.125805e+04
12.5 1.127097e+04 1.131714e+04 1.131159e+04 1.126542e+04
13.5 1.125186e+04 1.128401e+04 1.128632e+04 1.125417e+04
14.5 1.123603e+04 1.125516e+04 1.127188e+04 1.125275e+04
15.5 1.125412e+04 1.123941e+04 1.126670e+04 1.128141e+04
16.5 1.125736e+04 1.123346e+04 1.126660e+04 1.129050e+04
17.5 1.122601e+04 1.123278e+04 1.126868e+04 1.126191e+04
18.5 1.119188e+04 1.123432e+04 1.127122e+04 1.122878e+04
19.5 1.120385e+04 1.123628e+04 1.127335e+04 1.124093e+04
20.5 1.125172e+04 1.123948e+04 1.127480e+04 1.128704e+04
21.5 1.131141e+04 1.126513e+04 1.127566e+04 1.132194e+04
22.5 1.135244e+04 1.133736e+04 1.127613e+04 1.129122e+04
23.5 1.140709e+04 1.140522e+04 1.127638e+04 1.127825e+04
24.5 1.145983e+04 1.144049e+04 1.127652e+04 1.129585e+04
25.5 1.154746e+04 1.145129e+04 1.127661e+04 1.137278e+04
26.5 1.161436e+04 1.144960e+04 1.127669e+04 1.144144e+04
27.5 1.153678e+04 1.144292e+04 1.127675e+04 1.137060e+04
0.5 1.115747e+04 1.122404e+04 1.127728e+04 1.121071e+04
1.5 1.125867e+04 1.121673e+04 1.128419e+04 1.132612e+04
2.5 1.127936e+04 1.122967e+04 1.130846e+04 1.135815e+04
3.5 1.128255e+04 1.126157e+04 1.133367e+04 1.135465e+04
4.5 1.129070e+04 1.128921e+04 1.134815e+04 1.134964e+04
5.5 1.131770e+04 1.130381e+04 1.135341e+04 1.136730e+04
6.5 1.137541e+04 1.130869e+04 1.135362e+04 1.142034e+04
7.5 1.136936e+04 1.130835e+04 1.135164e+04 1.141265e+04
8.5 1.130599e+04 1.130583e+04 1.134919e+04 1.134935e+04
9.5 1.126185e+04 1.130301e+04 1.134715e+04 1.130599e+04
10.5 1.128231e+04 1.130521e+04 1.134573e+04 1.132283e+04
11.5 1.130738e+04 1.131280e+04 1.133807e+04 1.133265e+04
12.5 1.133993e+04 1.129979e+04 1.131343e+04 1.135357e+04
13.5 1.130912e+04 1.126771e+04 1.128806e+04 1.132947e+04
14.5 1.123139e+04 1.123987e+04 1.127354e+04 1.126506e+04
15.5 1.117703e+04 1.122508e+04 1.126826e+04 1.122021e+04
16.5 1.115951e+04 1.122004e+04 1.126807e+04 1.120754e+04
17.5 1.120195e+04 1.122023e+04 1.127006e+04 1.125178e+04
18.5 1.123561e+04 1.122261e+04 1.127253e+04 1.128553e+04
19.5 1.128079e+04 1.122535e+04 1.127458e+04 1.133002e+04
20.5 1.128994e+04 1.122931e+04 1.127596e+04 1.133659e+04
21.5 1.124352e+04 1.125568e+04 1.127675e+04 1.126459e+04
22.5 1.125209e+04 1.132857e+04 1.127715e+04 1.120067e+04
23.5 1.137898e+04 1.139706e+04 1.127733e+04 1.125924e+04
24.5 1.147566e+04 1.143294e+04 1.127741e+04 1.132013e+04
25.5 1.150054e+04 1.144430e+04 1.127744e+04 1.133368e+04
26.5 1.147546e+04 1.144312e+04 1.127745e+04 1.130979e+04
27.5 1.148620e+04 1.143691e+04 1.127745e+04 1.132674e+04
0.5 1.103129e+04 1.122196e+04 1.127753e+04 1.108686e+04
1.5 1.107923e+04 1.121484e+04 1.128443e+04 1.114882e+04
2.5 1.116556e+04 1.122795e+04 1.130869e+04 1.124629e+04
3.5 1.122975e+04 1.126001e+04 1.133389e+04 1.130362e+04
4.5 1.127859e+04 1.128780e+04 1.134835e+04 1.133915e+04
5.5 1.129214e+04 1.130253e+04 1.135361e+04 1.134322e+04
6.5 1.131218e+04 1.130753e+04 1.135380e+04 1.135845e+04
7.5 1.133324e+04 1.130730e+04 1.135181e+04 1.137775e+04
8.5 1.138428e+04 1.130489e+04 1.134935e+04 1.142874e+04
9.5 1.135284e+04 1.130215e+04 1.134729e+04 1.139798e+04
10.5 1.131793e+04 1.130443e+04 1.134586e+04 1.135935e+04
11.5 1.129074e+04 1.131208e+04 1.133818e+04 1.131683e+04
12.5 1.130509e+04 1.129914e+04 1.131352e+04 1.131947e+04
13.5 1.134116e+04 1.126711e+04 1.128814e+04 1.136219e+04
14.5 1.138340e+04 1.123933e+04 1.127360e+04 1.141767e+04
15.5 1.139421e+04 1.122458e+04 1.126832e+04 1.143794e+04
16.5 1.140379e+04 1.121958e+04 1.126812e+04 1.145232e+04
17.5 1.138756e+04 1.121982e+04 1.127010e+04 1.143784e+04
18.5 1.133487e+04 1.122225e+04 1.127256e+04 1.138518e+04
19.5 1.126911e+04 1.122505e+04 1.127461e+04 1.131867e+04
20.5 1.128759e+04 1.122906e+04 1.127598e+04 1.133451e+04
21.5 1.133834e+04 1.125548e+04 1.127676e+04 1.135962e+04
22.5 1.142239e+04 1.132842e+04 1.127716e+04 1.137113e+04
23.5 1.149223e+04 1.139695e+04 1.127734e+04 1.137262e+04
24.5 1.165088e+04 1.143286e+04 1.127741e+04 1.149543e+04
25.5 1.167234e+04 1.144425e+04 1.127744e+04 1.150553e+04
26.5 1.166629e+04 1.144311e+04 1.127745e+04 1.150064e+04
27.5 1.150807e+04 1.143693e+04 1.127745e+04 1.134859e+04
0.5 1.107240e+04 1.122196e+04 1.127753e+04 1.112797e+04
1.5 1.107322e+04 1.121484e+04 1.128443e+04 1.114281e+04
2.5 1.106026e+04 1.122795e+04 1.130869e+04 1.114099e+04
3.5 1.107490e+04 1.126001e+04 1.133389e+04 1.114878e+04
4.5 1.114364e+04 1.128780e+04 1.134835e+04 1.120420e+04
5.5 1.124179e+04 1.130252e+04 1.135361e+04 1.129288e+04
6.5 1.129093e+04 1.130750e+04 1.135380e+04 1.133722e+04
7.5 1.133379e+04 1.130726e+04 1.135181e+04 1.137834e+04
8.5 1.135945e+04 1.130484e+04 1.134935e+04 1.140397e+04
9.5 1.136758e+04 1.130210e+04 1.134731e+04 1.141279e+04
10.5 1.134938e+04 1.130436e+04 1.134588e+04 1.139090e+04
11.5 1.133256e+04 1.131201e+04 1.133822e+04 1.135877e+04
12.5 1.135297e+04 1.129906e+04 1.131358e+04 1.136748e+04
13.5 1.133348e+04 1.126703e+04 1.128822e+04 1.135467e+04
14.5 1.127527e+04 1.123923e+04 1.127369e+04 1.130973e+04
15.5 1.123579e+04 1.122448e+04 1.126843e+04 1.127974e+04
16.5 1.122705e+04 1.121947e+04 1.126825e+04 1.127583e+04
17.5 1.121773e+04 1.121969e+04 1.127026e+04 1.126829e+04
18.5 1.125069e+04 1.122210e+04 1.127273e+04 1.130132e+04
19.5 1.136568e+04 1.122488e+04 1.127480e+04 1.141560e+04
20.5 1.141817e+04 1.122886e+04 1.127619e+04 1.146549e+04
21.5 1.142043e+04 1.125524e+04 1.127699e+04 1.144218e+04
22.5 1.142239e+04 1.132814e+04 1.127741e+04 1.137166e+04
23.5 1.138985e+04 1.139663e+04 1.127762e+04 1.127084e+04
24.5 1.146056e+04 1.143249e+04 1.127772e+04 1.130579e+04
25.5 1.150678e+04 1.144383e+04 1.127778e+04 1.134073e+04
26.5 1.142930e+04 1.144263e+04 1.127782e+04 1.126449e+04
27.5 1.130354e+04 1.143640e+04 1.127786e+04 1.114500e+04
0.5 1.118734e+04 1.122076e+04 1.127885e+04 1.124543e+04
1.5 1.123376e+04 1.121352e+04 1.128586e+04 1.130610e+04
2.5 1.125698e+04 1.122650e+04 1.131024e+04 1.134072e+04
3.5 1.125853e+04 1.125843e+04 1.133558e+04 1.133568e+04
4.5 1.130038e+04 1.128607e+04 1.135019e+04 1.136450e+04
5.5 1.142259e+04 1.130065e+04 1.135560e+04 1.147754e+04
6.5 1.146062e+04 1.130548e+04 1.135596e+04 1.151110e+04
7.5 1.144377e+04 1.130508e+04 1.135415e+04 1.149285e+04
8.5 1.139661e+04 1.130248e+04 1.135190e+04 1.144603e+04
9.5 1.135746e+04 1.129956e+04 1.135007e+04 1.140797e+04
10.5 1.131665e+04 1.130165e+04 1.134888e+04 1.136388e+04
11.5 1.123889e+04 1.130910e+04 1.134147e+04 1.127126e+04
12.5 1.119846e+04 1.129596e+04 1.131710e+04 1.121960e+04
13.5 1.120649e+04 1.126371e+04 1.129202e+04 1.123479e+04
14.5 1.121690e+04 1.123570e+04 1.127780e+04 1.125900e+04
15.5 1.127722e+04 1.122073e+04 1.127286e+04 1.132935e+04
16.5 1.134572e+04 1.121548e+04 1.127302e+04 1.140325e+04
17.5 1.134664e+04 1.121546e+04 1.127538e+04 1.140656e+04
18.5 1.127904e+04 1.121760e+04 1.127823e+04 1.133968e+04
19.5 1.127174e+04 1.122008e+04 1.128070e+04 1.133236e+04
20.5 1.132087e+04 1.122375e+04 1.128250e+04 1.137963e+04
21.5 1.129740e+04 1.124981e+04 1.128375e+04 1.133133e+04
22.5 1.126717e+04 1.132239e+04 1.128463e+04 1.122941e+04
23.5 1.122529e+04 1.139056e+04 1.128531e+04 1.112004e+04
24.5 1.123241e+04 1.142611e+04 1.128591e+04 1.109222e+04
25.5 1.142880e+04 1.143714e+04 1.128650e+04 1.127816e+04
26.5 1.157555e+04 1.143565e+04 1.128708e+04 1.142698e+04
27.5 1.161745e+04 1.142915e+04 1.128769e+04 1.147598e+04
