0.5 1.240769e+04 1.259038e+04 1.274993e+04 1.256724e+04
1.5 1.249154e+04 1.256250e+04 1.275444e+04 1.268348e+04
2.5 1.250323e+04 1.255307e+04 1.277084e+04 1.272100e+04
3.5 1.260026e+04 1.258830e+04 1.278789e+04 1.279985e+04
4.5 1.263908e+04 1.263177e+04 1.279761e+04 1.280492e+04
5.5 1.281437e+04 1.265920e+04 1.280105e+04 1.295622e+04
6.5 1.285783e+04 1.267149e+04 1.280103e+04 1.298737e+04
7.5 1.270136e+04 1.267471e+04 1.279952e+04 1.282618e+04
8.5 1.262622e+04 1.267334e+04 1.279771e+04 1.275059e+04
9.5 1.258279e+04 1.267045e+04 1.279619e+04 1.270853e+04
10.5 1.270304e+04 1.267884e+04 1.279510e+04 1.281930e+04
11.5 1.273826e+04 1.271159e+04 1.278975e+04 1.281642e+04
12.5 1.271342e+04 1.272360e+04 1.277279e+04 1.276262e+04
13.5 1.272511e+04 1.268973e+04 1.275535e+04 1.279073e+04
14.5 1.277537e+04 1.264706e+04 1.274532e+04 1.287362e+04
15.5 1.280454e+04 1.262017e+04 1.274163e+04 1.292600e+04
16.5 1.267497e+04 1.260832e+04 1.274142e+04 1.280807e+04
17.5 1.264906e+04 1.260548e+04 1.274271e+04 1.278628e+04
18.5 1.258524e+04 1.260720e+04 1.274433e+04 1.272237e+04
19.5 1.259494e+04 1.261047e+04 1.274567e+04 1.273015e+04
20.5 1.270812e+04 1.260924e+04 1.274656e+04 1.284544e+04
21.5 1.284476e+04 1.264607e+04 1.274704e+04 1.294574e+04
22.5 1.295301e+04 1.281537e+04 1.274727e+04 1.288492e+04
23.5 1.313829e+04 1.301043e+04 1.274735e+04 1.287521e+04
24.5 1.327169e+04 1.313221e+04 1.274736e+04 1.288684e+04
25.5 1.329402e+04 1.318132e+04 1.274734e+04 1.286004e+04
26.5 1.332658e+04 1.318782e+04 1.274732e+04 1.288608e+04
27.5 1.327979e+04 1.317490e+04 1.274729e+04 1.285218e+04
0.5 1.241946e+04 1.259527e+04 1.274711e+04 1.257130e+04
1.5 1.246082e+04 1.256711e+04 1.275181e+04 1.264552e+04
2.5 1.261879e+04 1.255740e+04 1.276839e+04 1.282979e+04
3.5 1.270285e+04 1.259236e+04 1.278562e+04 1.289612e+04
4.5 1.271308e+04 1.263555e+04 1.279550e+04 1.287302e+04
5.5 1.260459e+04 1.266274e+04 1.279909e+04 1.274094e+04
6.5 1.244435e+04 1.267477e+04 1.279921e+04 1.256879e+04
7.5 1.252498e+04 1.267774e+04 1.279784e+04 1.264508e+04
8.5 1.264893e+04 1.267613e+04 1.279615e+04 1.276895e+04
9.5 1.254496e+04 1.267302e+04 1.279475e+04 1.266668e+04
10.5 1.239629e+04 1.268119e+04 1.279376e+04 1.250887e+04
11.5 1.249284e+04 1.271374e+04 1.278851e+04 1.256761e+04
12.5 1.283651e+04 1.272557e+04 1.277165e+04 1.288260e+04
13.5 1.292615e+04 1.269153e+04 1.275429e+04 1.298892e+04
14.5 1.289243e+04 1.264870e+04 1.274435e+04 1.298808e+04
15.5 1.272899e+04 1.262166e+04 1.274073e+04 1.284806e+04
16.5 1.274302e+04 1.260967e+04 1.274060e+04 1.287395e+04
17.5 1.274911e+04 1.260671e+04 1.274195e+04 1.288436e+04
18.5 1.264860e+04 1.260834e+04 1.274363e+04 1.278389e+04
19.5 1.253209e+04 1.261155e+04 1.274504e+04 1.266557e+04
20.5 1.254005e+04 1.261030e+04 1.274597e+04 1.267572e+04
21.5 1.262403e+04 1.264711e+04 1.274651e+04 1.272343e+04
22.5 1.292834e+04 1.281638e+04 1.274678e+04 1.285874e+04
23.5 1.304573e+04 1.301142e+04 1.274690e+04 1.278121e+04
24.5 1.309459e+04 1.313317e+04 1.274695e+04 1.270837e+04
25.5 1.322831e+04 1.318226e+04 1.274697e+04 1.279303e+04
26.5 1.313621e+04 1.318873e+04 1.274698e+04 1.269446e+04
27.5 1.318124e+04 1.317577e+04 1.274698e+04 1.275246e+04
0.5 1.252154e+04 1.259528e+04 1.274704e+04 1.267330e+04
1.5 1.260666e+04 1.256710e+04 1.275175e+04 1.279132e+04
2.5 1.259888e+04 1.255738e+04 1.276835e+04 1.280985e+04
3.5 1.265564e+04 1.259233e+04 1.278558e+04 1.284890e+04
4.5 1.282257e+04 1.263552e+04 1.279548e+04 1.298254e+04
5.5 1.279149e+04 1.266268e+04 1.279907e+04 1.292787e+04
6.5 1.289436e+04 1.267473e+04 1.279921e+04 1.301884e+04
7.5 1.267046e+04 1.267772e+04 1.279784e+04 1.279059e+04
8.5 1.240631e+04 1.267613e+04 1.279616e+04 1.252634e+04
9.5 1.248245e+04 1.267303e+04 1.279475e+04 1.260418e+04
10.5 1.241024e+04 1.268120e+04 1.279377e+04 1.252280e+04
11.5 1.253372e+04 1.271375e+04 1.278852e+04 1.260848e+04
12.5 1.268986e+04 1.272557e+04 1.277165e+04 1.273594e+04
13.5 1.268385e+04 1.269153e+04 1.275429e+04 1.274662e+04
14.5 1.272219e+04 1.264870e+04 1.274435e+04 1.281783e+04
15.5 1.271206e+04 1.262166e+04 1.274073e+04 1.283113e+04
16.5 1.272949e+04 1.260967e+04 1.274060e+04 1.286041e+04
17.5 1.253516e+04 1.260671e+04 1.274195e+04 1.267041e+04
18.5 1.251850e+04 1.260834e+04 1.274363e+04 1.265379e+04
19.5 1.256970e+04 1.261155e+04 1.274504e+04 1.270319e+04
20.5 1.254304e+04 1.261030e+04 1.274597e+04 1.267872e+04
21.5 1.256127e+04 1.264711e+04 1.274651e+04 1.266068e+04
22.5 1.245679e+04 1.281638e+04 1.274678e+04 1.238719e+04
23.5 1.256990e+04 1.301142e+04 1.274690e+04 1.230538e+04
24.5 1.275900e+04 1.313318e+04 1.274695e+04 1.237278e+04
25.5 1.295932e+04 1.318225e+04 1.274697e+04 1.252404e+04
26.5 1.305932e+04 1.318870e+04 1.274698e+04 1.261760e+04
27.5 1.313343e+04 1.317574e+04 1.274698e+04 1.270466e+04
0.5 1.275063e+04 1.259679e+04 1.274694e+04 1.290079e+04
1.5 1.266462e+04 1.256875e+04 1.275165e+04 1.284752e+04
2.5 1.268331e+04 1.255918e+04 1.276823e+04 1.289236e+04
3.5 1.267144e+04 1.259431e+04 1.278545e+04 1.286258e+04
4.5 1.278896e+04 1.263769e+04 1.279533e+04 1.294660e+04
5.5 1.275063e+04 1.266507e+04 1.279890e+04 1.288446e+04
6.5 1.263465e+04 1.267734e+04 1.279901e+04 1.275632e+04
7.5 1.268855e+04 1.268058e+04 1.279763e+04 1.280560e+04
8.5 1.275589e+04 1.267926e+04 1.279593e+04 1.287256e+04
9.5 1.286039e+04 1.267647e+04 1.279451e+04 1.297843e+04
10.5 1.291692e+04 1.268498e+04 1.279351e+04 1.302544e+04
11.5 1.289160e+04 1.271791e+04 1.278824e+04 1.296192e+04
12.5 1.291550e+04 1.273014e+04 1.277135e+04 1.295672e+04
13.5 1.282658e+04 1.269654e+04 1.275397e+04 1.288402e+04
14.5 1.276987e+04 1.265419e+04 1.274400e+04 1.285969e+04
15.5 1.271312e+04 1.262768e+04 1.274036e+04 1.282580e+04
16.5 1.263733e+04 1.261626e+04 1.274019e+04 1.276126e+04
17.5 1.251606e+04 1.261392e+04 1.274152e+04 1.264365e+04
18.5 1.263254e+04 1.261622e+04 1.274316e+04 1.275948e+04
19.5 1.255537e+04 1.262013e+04 1.274451e+04 1.267975e+04
20.5 1.266621e+04 1.261963e+04 1.274540e+04 1.279198e+04
21.5 1.275500e+04 1.265724e+04 1.274588e+04 1.284364e+04
22.5 1.282203e+04 1.282738e+04 1.274610e+04 1.274074e+04
23.5 1.276978e+04 1.302335e+04 1.274616e+04 1.249258e+04
24.5 1.285545e+04 1.314612e+04 1.274614e+04 1.245548e+04
25.5 1.304889e+04 1.319629e+04 1.274609e+04 1.259869e+04
26.5 1.315166e+04 1.320394e+04 1.274602e+04 1.269374e+04
27.5 1.326339e+04 1.319228e+04 1.274594e+04 1.281706e+04
0.5 1.262395e+04 1.264140e+04 1.274432e+04 1.272686e+04
1.5 1.254400e+04 1.261645e+04 1.274884e+04 1.267639e+04
2.5 1.259002e+04 1.261012e+04 1.276524e+04 1.274514e+04
3.5 1.264457e+04 1.264862e+04 1.278227e+04 1.277822e+04
4.5 1.269567e+04 1.269554e+04 1.279196e+04 1.279209e+04
5.5 1.291247e+04 1.272660e+04 1.279534e+04 1.298121e+04
6.5 1.292633e+04 1.274269e+04 1.279525e+04 1.297889e+04
7.5 1.287245e+04 1.274987e+04 1.279368e+04 1.291626e+04
8.5 1.278725e+04 1.275264e+04 1.279178e+04 1.282639e+04
9.5 1.262458e+04 1.275409e+04 1.279018e+04 1.266067e+04
10.5 1.262044e+04 1.276700e+04 1.278901e+04 1.264244e+04
11.5 1.266988e+04 1.280448e+04 1.278357e+04 1.264897e+04
12.5 1.265678e+04 1.282140e+04 1.276652e+04 1.260190e+04
13.5 1.276008e+04 1.279263e+04 1.274898e+04 1.271644e+04
14.5 1.273004e+04 1.275522e+04 1.273886e+04 1.271369e+04
15.5 1.273333e+04 1.273376e+04 1.273508e+04 1.273465e+04
16.5 1.282620e+04 1.272750e+04 1.273477e+04 1.283347e+04
17.5 1.286132e+04 1.273039e+04 1.273597e+04 1.286690e+04
18.5 1.295214e+04 1.273779e+04 1.273750e+04 1.295185e+04
