0.5 1.206122e+04 1.207410e+04 1.213030e+04 1.211742e+04
1.5 1.211684e+04 1.207612e+04 1.211430e+04 1.215503e+04
2.5 1.218799e+04 1.212918e+04 1.210217e+04 1.216099e+04
3.5 1.225259e+04 1.220340e+04 1.210859e+04 1.215777e+04
4.5 1.230190e+04 1.225526e+04 1.212171e+04 1.216835e+04
5.5 1.232588e+04 1.227845e+04 1.213111e+04 1.217854e+04
6.5 1.234515e+04 1.228332e+04 1.213587e+04 1.219770e+04
7.5 1.235557e+04 1.227931e+04 1.213760e+04 1.221386e+04
8.5 1.231136e+04 1.227237e+04 1.213762e+04 1.217661e+04
9.5 1.226084e+04 1.226589e+04 1.213693e+04 1.213188e+04
10.5 1.222388e+04 1.226552e+04 1.214064e+04 1.209900e+04
11.5 1.222965e+04 1.225986e+04 1.215597e+04 1.212576e+04
12.5 1.220163e+04 1.220454e+04 1.216768e+04 1.216477e+04
13.5 1.211471e+04 1.212891e+04 1.216104e+04 1.214683e+04
14.5 1.203658e+04 1.207610e+04 1.214779e+04 1.210827e+04
15.5 1.201911e+04 1.205222e+04 1.213834e+04 1.210523e+04
16.5 1.201900e+04 1.204679e+04 1.213355e+04 1.210576e+04
17.5 1.196062e+04 1.205034e+04 1.213180e+04 1.204209e+04
18.5 1.191359e+04 1.205688e+04 1.213177e+04 1.198848e+04
19.5 1.195481e+04 1.206307e+04 1.213249e+04 1.202423e+04
20.5 1.201537e+04 1.206804e+04 1.213332e+04 1.208066e+04
21.5 1.206533e+04 1.207881e+04 1.213397e+04 1.212049e+04
22.5 1.209126e+04 1.210441e+04 1.213437e+04 1.212122e+04
23.5 1.213547e+04 1.212838e+04 1.213459e+04 1.214168e+04
24.5 1.216126e+04 1.214112e+04 1.213469e+04 1.215483e+04
25.5 1.223985e+04 1.214528e+04 1.213474e+04 1.222930e+04
26.5 1.228316e+04 1.214501e+04 1.213476e+04 1.227291e+04
27.5 1.218369e+04 1.214294e+04 1.213477e+04 1.217552e+04
0.5 1.206044e+04 1.206670e+04 1.213023e+04 1.212397e+04
1.5 1.216685e+04 1.207009e+04 1.211426e+04 1.221102e+04
2.5 1.222526e+04 1.212411e+04 1.210215e+04 1.220330e+04
3.5 1.227960e+04 1.219904e+04 1.210858e+04 1.218914e+04
4.5 1.231900e+04 1.225148e+04 1.212173e+04 1.218926e+04
5.5 1.233746e+04 1.227515e+04 1.213114e+04 1.219345e+04
6.5 1.235871e+04 1.228044e+04 1.213592e+04 1.221419e+04
7.5 1.235133e+04 1.227679e+04 1.213768e+04 1.221222e+04
8.5 1.229398e+04 1.227015e+04 1.213772e+04 1.216155e+04
9.5 1.224221e+04 1.226390e+04 1.213704e+04 1.211534e+04
10.5 1.224761e+04 1.226373e+04 1.214075e+04 1.212463e+04
11.5 1.226945e+04 1.225825e+04 1.215609e+04 1.216729e+04
12.5 1.226050e+04 1.220308e+04 1.216780e+04 1.222522e+04
13.5 1.216147e+04 1.212759e+04 1.216116e+04 1.219504e+04
14.5 1.203098e+04 1.207490e+04 1.214792e+04 1.210399e+04
15.5 1.196259e+04 1.205112e+04 1.213846e+04 1.204993e+04
16.5 1.195648e+04 1.204579e+04 1.213367e+04 1.204436e+04
17.5 1.198970e+04 1.204942e+04 1.213191e+04 1.207219e+04
18.5 1.203594e+04 1.205605e+04 1.213187e+04 1.211176e+04
19.5 1.208079e+04 1.206233e+04 1.213258e+04 1.215104e+04
20.5 1.209026e+04 1.206737e+04 1.213342e+04 1.215630e+04
21.5 1.204047e+04 1.207821e+04 1.213406e+04 1.209631e+04
22.5 1.207269e+04 1.210389e+04 1.213446e+04 1.210326e+04
23.5 1.216989e+04 1.212791e+04 1.213467e+04 1.217665e+04
24.5 1.221345e+04 1.214070e+04 1.213477e+04 1.220752e+04
25.5 1.215351e+04 1.214491e+04 1.213482e+04 1.214342e+04
26.5 1.207323e+04 1.214467e+04 1.213483e+04 1.206340e+04
27.5 1.207632e+04 1.214262e+04 1.213484e+04 1.206854e+04
0.5 1.196168e+04 1.206660e+04 1.213025e+04 1.202532e+04
1.5 1.199882e+04 1.207002e+04 1.211428e+04 1.204307e+04
2.5 1.210529e+04 1.212407e+04 1.210217e+04 1.208339e+04
3.5 1.219451e+04 1.219903e+04 1.210860e+04 1.210407e+04
4.5 1.224544e+04 1.225149e+04 1.212174e+04 1.211569e+04
5.5 1.227651e+04 1.227519e+04 1.213116e+04 1.213249e+04
6.5 1.228599e+04 1.228050e+04 1.213594e+04 1.214143e+04
7.5 1.229879e+04 1.227686e+04 1.213769e+04 1.215963e+04
8.5 1.234369e+04 1.227022e+04 1.213774e+04 1.221121e+04
9.5 1.234182e+04 1.226396e+04 1.213706e+04 1.221492e+04
10.5 1.230072e+04 1.226378e+04 1.214078e+04 1.217772e+04
11.5 1.225427e+04 1.225827e+04 1.215611e+04 1.215210e+04
12.5 1.223175e+04 1.220309e+04 1.216782e+04 1.219648e+04
13.5 1.221829e+04 1.212758e+04 1.216117e+04 1.225188e+04
14.5 1.222191e+04 1.207488e+04 1.214793e+04 1.229496e+04
15.5 1.221642e+04 1.205109e+04 1.213847e+04 1.230381e+04
16.5 1.217867e+04 1.204575e+04 1.213368e+04 1.226660e+04
17.5 1.214171e+04 1.204937e+04 1.213192e+04 1.222425e+04
18.5 1.207883e+04 1.205601e+04 1.213188e+04 1.215470e+04
19.5 1.205335e+04 1.206229e+04 1.213259e+04 1.212365e+04
20.5 1.207858e+04 1.206734e+04 1.213342e+04 1.214466e+04
21.5 1.213528e+04 1.207819e+04 1.213407e+04 1.219116e+04
22.5 1.219167e+04 1.210386e+04 1.213447e+04 1.222228e+04
23.5 1.225528e+04 1.212789e+04 1.213468e+04 1.226207e+04
24.5 1.237469e+04 1.214068e+04 1.213478e+04 1.236879e+04
25.5 1.236363e+04 1.214489e+04 1.213482e+04 1.235355e+04
26.5 1.230965e+04 1.214466e+04 1.213483e+04 1.229982e+04
27.5 1.212083e+04 1.214262e+04 1.213484e+04 1.211305e+04
0.5 1.197087e+04 1.206660e+04 1.213025e+04 1.203452e+04
1.5 1.197078e+04 1.207002e+04 1.211428e+04 1.201503e+04
2.5 1.195770e+04 1.212407e+04 1.210217e+04 1.193579e+04
3.5 1.196358e+04 1.219903e+04 1.210860e+04 1.187314e+04
4.5 1.204748e+04 1.225149e+04 1.212175e+04 1.191773e+04
5.5 1.216856e+04 1.227518e+04 1.213116e+04 1.202455e+04
6.5 1.224178e+04 1.228048e+04 1.213594e+04 1.209725e+04
7.5 1.229206e+04 1.227683e+04 1.213769e+04 1.215292e+04
8.5 1.232001e+04 1.227020e+04 1.213773e+04 1.218754e+04
9.5 1.232840e+04 1.226397e+04 1.213705e+04 1.220149e+04
10.5 1.229797e+04 1.226381e+04 1.214076e+04 1.217492e+04
11.5 1.224605e+04 1.225833e+04 1.215609e+04 1.214380e+04
12.5 1.221009e+04 1.220318e+04 1.216780e+04 1.217470e+04
13.5 1.213042e+04 1.212771e+04 1.216115e+04 1.216386e+04
14.5 1.206700e+04 1.207505e+04 1.214790e+04 1.213985e+04
15.5 1.204063e+04 1.205131e+04 1.213845e+04 1.212777e+04
16.5 1.202832e+04 1.204601e+04 1.213365e+04 1.211596e+04
17.5 1.201764e+04 1.204969e+04 1.213190e+04 1.209985e+04
18.5 1.205506e+04 1.205636e+04 1.213185e+04 1.213055e+04
19.5 1.216969e+04 1.206267e+04 1.213257e+04 1.223958e+04
20.5 1.222611e+04 1.206775e+04 1.213340e+04 1.229175e+04
21.5 1.220453e+04 1.207864e+04 1.213404e+04 1.225993e+04
22.5 1.216148e+04 1.210435e+04 1.213443e+04 1.219157e+04
23.5 1.211672e+04 1.212842e+04 1.213464e+04 1.212295e+04
24.5 1.219036e+04 1.214126e+04 1.213474e+04 1.218384e+04
25.5 1.218282e+04 1.214552e+04 1.213478e+04 1.217208e+04
26.5 1.212396e+04 1.214535e+04 1.213479e+04 1.211339e+04
27.5 1.207356e+04 1.214338e+04 1.213479e+04 1.206497e+04
0.5 1.203880e+04 1.206923e+04 1.213010e+04 1.209967e+04
1.5 1.208081e+04 1.207287e+04 1.211412e+04 1.212206e+04
2.5 1.211203e+04 1.212716e+04 1.210200e+04 1.208687e+04
3.5 1.212215e+04 1.220238e+04 1.210841e+04 1.202818e+04
4.5 1.216146e+04 1.225513e+04 1.212155e+04 1.202788e+04
5.5 1.229282e+04 1.227912e+04 1.213094e+04 1.214464e+04
6.5 1.236613e+04 1.228476e+04 1.213570e+04 1.221707e+04
7.5 1.237668e+04 1.228149e+04 1.213743e+04 1.223262e+04
8.5 1.235286e+04 1.227526e+04 1.213745e+04 1.221505e+04
9.5 1.231431e+04 1.226947e+04 1.213675e+04 1.218159e+04
10.5 1.223914e+04 1.226979e+04 1.214043e+04 1.210978e+04
11.5 1.210644e+04 1.226483e+04 1.215574e+04 1.199735e+04
12.5 1.202905e+04 1.221024e+04 1.216743e+04 1.198625e+04
13.5 1.200533e+04 1.213536e+04 1.216076e+04 1.203073e+04
14.5 1.203443e+04 1.208333e+04 1.214749e+04 1.209859e+04
15.5 1.209287e+04 1.206025e+04 1.213801e+04 1.217063e+04
16.5 1.213995e+04 1.205567e+04 1.213319e+04 1.221747e+04
17.5 1.212533e+04 1.206009e+04 1.213140e+04 1.219665e+04
18.5 1.207193e+04 1.206755e+04 1.213133e+04 1.213572e+04
19.5 1.207178e+04 1.207469e+04 1.213202e+04 1.212911e+04
20.5 1.213483e+04 1.208064e+04 1.213282e+04 1.218701e+04
21.5 1.211264e+04 1.209243e+04 1.213344e+04 1.215364e+04
22.5 1.210826e+04 1.211911e+04 1.213380e+04 1.212295e+04
23.5 1.207675e+04 1.214420e+04 1.213398e+04 1.206654e+04
24.5 1.210043e+04 1.215810e+04 1.213405e+04 1.207638e+04
25.5 1.226190e+04 1.216348e+04 1.213406e+04 1.223248e+04
26.5 1.234902e+04 1.216448e+04 1.213405e+04 1.231859e+04
27.5 1.230576e+04 1.216374e+04 1.213402e+04 1.227605e+04
