0.5 1.257981e+04 1.260750e+04 1.275404e+04 1.272634e+04
1.5 1.273619e+04 1.264144e+04 1.273733e+04 1.283209e+04
2.5 1.290878e+04 1.280886e+04 1.272467e+04 1.282458e+04
3.5 1.307576e+04 1.300279e+04 1.273136e+04 1.280433e+04
4.5 1.315330e+04 1.312391e+04 1.274507e+04 1.277447e+04
5.5 1.322637e+04 1.317262e+04 1.275488e+04 1.280863e+04
6.5 1.333775e+04 1.317892e+04 1.275985e+04 1.291868e+04
7.5 1.332132e+04 1.316596e+04 1.276165e+04 1.291701e+04
8.5 1.332479e+04 1.314785e+04 1.276168e+04 1.293862e+04
9.5 1.325106e+04 1.313214e+04 1.276096e+04 1.287987e+04
10.5 1.315709e+04 1.312571e+04 1.276483e+04 1.279622e+04
11.5 1.314772e+04 1.308494e+04 1.278083e+04 1.284361e+04
12.5 1.303546e+04 1.291401e+04 1.279306e+04 1.291451e+04
13.5 1.271613e+04 1.271850e+04 1.278613e+04 1.278375e+04
14.5 1.242407e+04 1.259683e+04 1.277230e+04 1.259954e+04
15.5 1.236157e+04 1.254806e+04 1.276243e+04 1.257594e+04
16.5 1.242079e+04 1.254197e+04 1.275743e+04 1.263625e+04
17.5 1.222361e+04 1.255531e+04 1.275560e+04 1.242391e+04
18.5 1.214934e+04 1.257393e+04 1.275557e+04 1.233098e+04
19.5 1.232517e+04 1.259016e+04 1.275632e+04 1.249132e+04
20.5 1.240769e+04 1.259038e+04 1.275719e+04 1.257450e+04
21.5 1.249154e+04 1.256250e+04 1.275787e+04 1.268691e+04
22.5 1.250323e+04 1.255307e+04 1.275829e+04 1.270844e+04
23.5 1.260026e+04 1.258830e+04 1.275851e+04 1.277046e+04
24.5 1.263908e+04 1.263177e+04 1.275862e+04 1.276593e+04
25.5 1.281437e+04 1.265920e+04 1.275867e+04 1.291384e+04
26.5 1.285783e+04 1.267149e+04 1.275869e+04 1.294503e+04
27.5 1.270136e+04 1.267471e+04 1.275870e+04 1.278536e+04
0.5 1.270812e+04 1.260924e+04 1.275397e+04 1.285285e+04
1.5 1.284476e+04 1.264607e+04 1.273729e+04 1.293598e+04
2.5 1.295301e+04 1.281537e+04 1.272465e+04 1.286229e+04
3.5 1.313829e+04 1.301043e+04 1.273136e+04 1.285922e+04
4.5 1.327169e+04 1.313221e+04 1.274509e+04 1.288456e+04
5.5 1.329402e+04 1.318132e+04 1.275492e+04 1.286761e+04
6.5 1.332658e+04 1.318782e+04 1.275991e+04 1.289866e+04
7.5 1.327979e+04 1.317490e+04 1.276174e+04 1.286662e+04
8.5 1.319797e+04 1.315667e+04 1.276178e+04 1.280308e+04
9.5 1.314153e+04 1.314074e+04 1.276107e+04 1.276186e+04
10.5 1.323685e+04 1.313403e+04 1.276495e+04 1.286777e+04
11.5 1.323865e+04 1.309295e+04 1.278096e+04 1.292666e+04
12.5 1.304653e+04 1.292167e+04 1.279319e+04 1.291805e+04
13.5 1.270052e+04 1.272580e+04 1.278625e+04 1.276098e+04
14.5 1.250904e+04 1.260375e+04 1.277243e+04 1.267771e+04
15.5 1.245961e+04 1.255460e+04 1.276256e+04 1.266756e+04
16.5 1.238439e+04 1.254813e+04 1.275755e+04 1.259381e+04
17.5 1.238230e+04 1.256111e+04 1.275572e+04 1.257691e+04
18.5 1.250660e+04 1.257941e+04 1.275567e+04 1.268286e+04
19.5 1.252954e+04 1.259535e+04 1.275642e+04 1.269061e+04
20.5 1.241946e+04 1.259527e+04 1.275729e+04 1.258148e+04
21.5 1.246082e+04 1.256711e+04 1.275796e+04 1.265168e+04
22.5 1.261879e+04 1.255740e+04 1.275838e+04 1.281977e+04
23.5 1.270285e+04 1.259236e+04 1.275860e+04 1.286910e+04
24.5 1.271308e+04 1.263555e+04 1.275870e+04 1.283623e+04
25.5 1.260459e+04 1.266274e+04 1.275875e+04 1.270061e+04
26.5 1.244435e+04 1.267477e+04 1.275877e+04 1.252835e+04
27.5 1.252498e+04 1.267774e+04 1.275878e+04 1.260602e+04
0.5 1.254005e+04 1.261030e+04 1.275398e+04 1.268373e+04
1.5 1.262403e+04 1.264711e+04 1.273730e+04 1.271423e+04
2.5 1.292834e+04 1.281638e+04 1.272466e+04 1.283662e+04
3.5 1.304573e+04 1.301142e+04 1.273138e+04 1.276569e+04
4.5 1.309459e+04 1.313317e+04 1.274510e+04 1.270652e+04
5.5 1.322831e+04 1.318226e+04 1.275493e+04 1.280098e+04
6.5 1.313621e+04 1.318873e+04 1.275992e+04 1.270740e+04
7.5 1.318124e+04 1.317577e+04 1.276175e+04 1.276723e+04
8.5 1.322705e+04 1.315747e+04 1.276180e+04 1.283138e+04
9.5 1.324388e+04 1.314145e+04 1.276110e+04 1.286352e+04
10.5 1.315849e+04 1.313463e+04 1.276497e+04 1.278883e+04
11.5 1.311912e+04 1.309345e+04 1.278098e+04 1.280665e+04
12.5 1.303309e+04 1.292208e+04 1.279321e+04 1.290422e+04
13.5 1.286488e+04 1.272614e+04 1.278627e+04 1.292502e+04
14.5 1.289395e+04 1.260402e+04 1.277244e+04 1.306237e+04
15.5 1.282177e+04 1.255481e+04 1.276257e+04 1.302953e+04
16.5 1.267317e+04 1.254829e+04 1.275756e+04 1.288245e+04
17.5 1.251395e+04 1.256123e+04 1.275573e+04 1.270845e+04
18.5 1.251221e+04 1.257948e+04 1.275568e+04 1.268842e+04
19.5 1.253154e+04 1.259538e+04 1.275643e+04 1.269259e+04
20.5 1.252154e+04 1.259528e+04 1.275730e+04 1.268355e+04
21.5 1.260666e+04 1.256710e+04 1.275797e+04 1.279753e+04
22.5 1.259888e+04 1.255738e+04 1.275838e+04 1.279988e+04
23.5 1.265564e+04 1.259233e+04 1.275860e+04 1.282192e+04
24.5 1.282257e+04 1.263552e+04 1.275871e+04 1.294576e+04
25.5 1.279149e+04 1.266268e+04 1.275875e+04 1.288755e+04
26.5 1.289436e+04 1.267473e+04 1.275877e+04 1.297840e+04
27.5 1.267046e+04 1.267772e+04 1.275878e+04 1.275152e+04
0.5 1.254304e+04 1.261030e+04 1.275398e+04 1.268673e+04
1.5 1.256127e+04 1.264711e+04 1.273730e+04 1.265147e+04
2.5 1.245679e+04 1.281638e+04 1.272466e+04 1.236507e+04
3.5 1.256990e+04 1.301142e+04 1.273138e+04 1.228985e+04
4.5 1.275900e+04 1.313318e+04 1.274510e+04 1.237093e+04
5.5 1.295932e+04 1.318225e+04 1.275493e+04 1.253200e+04
6.5 1.305932e+04 1.318870e+04 1.275992e+04 1.263054e+04
7.5 1.313343e+04 1.317574e+04 1.276175e+04 1.271943e+04
8.5 1.322279e+04 1.315749e+04 1.276179e+04 1.282709e+04
9.5 1.328720e+04 1.314154e+04 1.276108e+04 1.290673e+04
10.5 1.326756e+04 1.313481e+04 1.276496e+04 1.289770e+04
11.5 1.306974e+04 1.309374e+04 1.278096e+04 1.275696e+04
12.5 1.292229e+04 1.292248e+04 1.279319e+04 1.279299e+04
13.5 1.270042e+04 1.272666e+04 1.278625e+04 1.276001e+04
14.5 1.253834e+04 1.260468e+04 1.277241e+04 1.270608e+04
15.5 1.251665e+04 1.255562e+04 1.276254e+04 1.272357e+04
16.5 1.245110e+04 1.254926e+04 1.275753e+04 1.265937e+04
17.5 1.242813e+04 1.256235e+04 1.275570e+04 1.262148e+04
18.5 1.259951e+04 1.258073e+04 1.275566e+04 1.277444e+04
19.5 1.269408e+04 1.259676e+04 1.275640e+04 1.285373e+04
20.5 1.275063e+04 1.259679e+04 1.275727e+04 1.291111e+04
21.5 1.266462e+04 1.256875e+04 1.275794e+04 1.285381e+04
22.5 1.268331e+04 1.255918e+04 1.275835e+04 1.288248e+04
23.5 1.267144e+04 1.259431e+04 1.275857e+04 1.283570e+04
24.5 1.278896e+04 1.263769e+04 1.275867e+04 1.290994e+04
25.5 1.275063e+04 1.266507e+04 1.275871e+04 1.284427e+04
26.5 1.263465e+04 1.267734e+04 1.275872e+04 1.271603e+04
27.5 1.268855e+04 1.268058e+04 1.275872e+04 1.276669e+04
0.5 1.266621e+04 1.261963e+04 1.275383e+04 1.280041e+04
1.5 1.275500e+04 1.265724e+04 1.273714e+04 1.283490e+04
2.5 1.282203e+04 1.282738e+04 1.272448e+04 1.271913e+04
3.5 1.276978e+04 1.302335e+04 1.273118e+04 1.247761e+04
4.5 1.285545e+04 1.314612e+04 1.274489e+04 1.245423e+04
5.5 1.304889e+04 1.319629e+04 1.275470e+04 1.260731e+04
6.5 1.315166e+04 1.320394e+04 1.275967e+04 1.270739e+04
7.5 1.326339e+04 1.319228e+04 1.276148e+04 1.283259e+04
8.5 1.323285e+04 1.317544e+04 1.276150e+04 1.281891e+04
9.5 1.330669e+04 1.316102e+04 1.276077e+04 1.290644e+04
10.5 1.315822e+04 1.315595e+04 1.276462e+04 1.276689e+04
11.5 1.280957e+04 1.311665e+04 1.278060e+04 1.247352e+04
12.5 1.254876e+04 1.294729e+04 1.279280e+04 1.239427e+04
13.5 1.251376e+04 1.275348e+04 1.278584e+04 1.254612e+04
14.5 1.247354e+04 1.263364e+04 1.277198e+04 1.261188e+04
15.5 1.259974e+04 1.258684e+04 1.276208e+04 1.277498e+04
16.5 1.266795e+04 1.258288e+04 1.275705e+04 1.284212e+04
17.5 1.256617e+04 1.259851e+04 1.275519e+04 1.272285e+04
18.5 1.256945e+04 1.261957e+04 1.275511e+04 1.270499e+04
19.5 1.251920e+04 1.263842e+04 1.275583e+04 1.263662e+04
20.5 1.262395e+04 1.264140e+04 1.275667e+04 1.273922e+04
21.5 1.254400e+04 1.261645e+04 1.275731e+04 1.268486e+04
22.5 1.259002e+04 1.261012e+04 1.275769e+04 1.273759e+04
23.5 1.264457e+04 1.264862e+04 1.275788e+04 1.275382e+04
24.5 1.269567e+04 1.269554e+04 1.275795e+04 1.275808e+04
25.5 1.291247e+04 1.272660e+04 1.275796e+04 1.294384e+04
26.5 1.292633e+04 1.274269e+04 1.275795e+04 1.294158e+04
27.5 1.287245e+04 1.274987e+04 1.275792e+04 1.288050e+04
