0.5 1.201537e+04 1.206804e+04 1.212262e+04 1.206996e+04
1.5 1.206533e+04 1.207881e+04 1.212888e+04 1.211541e+04
2.5 1.209126e+04 1.210441e+04 1.215167e+04 1.213852e+04
3.5 1.213547e+04 1.212838e+04 1.217537e+04 1.218246e+04
4.5 1.216126e+04 1.214112e+04 1.218888e+04 1.220902e+04
5.5 1.223985e+04 1.214528e+04 1.219364e+04 1.228821e+04
6.5 1.228316e+04 1.214501e+04 1.219362e+04 1.233176e+04
7.5 1.218369e+04 1.214294e+04 1.219153e+04 1.223228e+04
8.5 1.207946e+04 1.214057e+04 1.218901e+04 1.212790e+04
9.5 1.203907e+04 1.213867e+04 1.218690e+04 1.208730e+04
10.5 1.210916e+04 1.213693e+04 1.218538e+04 1.215760e+04
11.5 1.216293e+04 1.212816e+04 1.217795e+04 1.221272e+04
12.5 1.214337e+04 1.210360e+04 1.215438e+04 1.219415e+04
13.5 1.210012e+04 1.208011e+04 1.213014e+04 1.215015e+04
14.5 1.210047e+04 1.206755e+04 1.211621e+04 1.214912e+04
15.5 1.212522e+04 1.206342e+04 1.211108e+04 1.217288e+04
16.5 1.205623e+04 1.206368e+04 1.211079e+04 1.210334e+04
17.5 1.199118e+04 1.206572e+04 1.211258e+04 1.203805e+04
18.5 1.197827e+04 1.206805e+04 1.211483e+04 1.202506e+04
19.5 1.198885e+04 1.206988e+04 1.211670e+04 1.203566e+04
20.5 1.206044e+04 1.206670e+04 1.211793e+04 1.211166e+04
21.5 1.216685e+04 1.207009e+04 1.211860e+04 1.221536e+04
22.5 1.222526e+04 1.212411e+04 1.211892e+04 1.222006e+04
23.5 1.227960e+04 1.219904e+04 1.211903e+04 1.219959e+04
24.5 1.231900e+04 1.225148e+04 1.211904e+04 1.218657e+04
25.5 1.233746e+04 1.227515e+04 1.211902e+04 1.218133e+04
26.5 1.235871e+04 1.228044e+04 1.211899e+04 1.219725e+04
27.5 1.235133e+04 1.227679e+04 1.211895e+04 1.219349e+04
0.5 1.209026e+04 1.206737e+04 1.211869e+04 1.214158e+04
1.5 1.204047e+04 1.207821e+04 1.212522e+04 1.208748e+04
2.5 1.207269e+04 1.210389e+04 1.214827e+04 1.211707e+04
3.5 1.216989e+04 1.212791e+04 1.217220e+04 1.221419e+04
4.5 1.221345e+04 1.214070e+04 1.218594e+04 1.225869e+04
5.5 1.215351e+04 1.214491e+04 1.219092e+04 1.219952e+04
6.5 1.207323e+04 1.214467e+04 1.219109e+04 1.211966e+04
7.5 1.207632e+04 1.214262e+04 1.218919e+04 1.212289e+04
8.5 1.214667e+04 1.214027e+04 1.218685e+04 1.219324e+04
9.5 1.212971e+04 1.213838e+04 1.218489e+04 1.217621e+04
10.5 1.205249e+04 1.213666e+04 1.218353e+04 1.209935e+04
11.5 1.199977e+04 1.212791e+04 1.217623e+04 1.204809e+04
12.5 1.210103e+04 1.210336e+04 1.215280e+04 1.215047e+04
13.5 1.223221e+04 1.207988e+04 1.212868e+04 1.228100e+04
14.5 1.220645e+04 1.206733e+04 1.211486e+04 1.225397e+04
15.5 1.210913e+04 1.206322e+04 1.210984e+04 1.215574e+04
16.5 1.206712e+04 1.206348e+04 1.210964e+04 1.211328e+04
17.5 1.206656e+04 1.206554e+04 1.211153e+04 1.211255e+04
18.5 1.202946e+04 1.206788e+04 1.211387e+04 1.207544e+04
19.5 1.199526e+04 1.206975e+04 1.211581e+04 1.204132e+04
20.5 1.196168e+04 1.206660e+04 1.211712e+04 1.201219e+04
21.5 1.199882e+04 1.207002e+04 1.211786e+04 1.204666e+04
22.5 1.210529e+04 1.212407e+04 1.211824e+04 1.209946e+04
23.5 1.219451e+04 1.219903e+04 1.211841e+04 1.211388e+04
24.5 1.224544e+04 1.225149e+04 1.211848e+04 1.211242e+04
25.5 1.227651e+04 1.227519e+04 1.211851e+04 1.211984e+04
26.5 1.228599e+04 1.228050e+04 1.211852e+04 1.212401e+04
27.5 1.229879e+04 1.227686e+04 1.211852e+04 1.214045e+04
0.5 1.207858e+04 1.206734e+04 1.211859e+04 1.212983e+04
1.5 1.213528e+04 1.207819e+04 1.212515e+04 1.218224e+04
2.5 1.219167e+04 1.210386e+04 1.214821e+04 1.223602e+04
3.5 1.225528e+04 1.212789e+04 1.217216e+04 1.229956e+04
4.5 1.237469e+04 1.214068e+04 1.218591e+04 1.241992e+04
5.5 1.236363e+04 1.214489e+04 1.219090e+04 1.240964e+04
6.5 1.230965e+04 1.214466e+04 1.219109e+04 1.235607e+04
7.5 1.212083e+04 1.214262e+04 1.218920e+04 1.216740e+04
8.5 1.199341e+04 1.214028e+04 1.218685e+04 1.203998e+04
9.5 1.197531e+04 1.213839e+04 1.218490e+04 1.202182e+04
10.5 1.194482e+04 1.213667e+04 1.218353e+04 1.199169e+04
11.5 1.191031e+04 1.212791e+04 1.217624e+04 1.195864e+04
12.5 1.198992e+04 1.210337e+04 1.215280e+04 1.203935e+04
13.5 1.201185e+04 1.207989e+04 1.212868e+04 1.206064e+04
14.5 1.199677e+04 1.206734e+04 1.211486e+04 1.204429e+04
15.5 1.204556e+04 1.206322e+04 1.210984e+04 1.209218e+04
16.5 1.206127e+04 1.206348e+04 1.210964e+04 1.210743e+04
17.5 1.198278e+04 1.206554e+04 1.211153e+04 1.202877e+04
18.5 1.193760e+04 1.206788e+04 1.211387e+04 1.198358e+04
19.5 1.195015e+04 1.206975e+04 1.211581e+04 1.199622e+04
20.5 1.197087e+04 1.206660e+04 1.211712e+04 1.202138e+04
21.5 1.197078e+04 1.207002e+04 1.211786e+04 1.201862e+04
22.5 1.195770e+04 1.212407e+04 1.211824e+04 1.195187e+04
23.5 1.196358e+04 1.219903e+04 1.211841e+04 1.188295e+04
24.5 1.204748e+04 1.225149e+04 1.211848e+04 1.191447e+04
25.5 1.216856e+04 1.227518e+04 1.211850e+04 1.201189e+04
26.5 1.224178e+04 1.228048e+04 1.211851e+04 1.207982e+04
27.5 1.229206e+04 1.227683e+04 1.211851e+04 1.213374e+04
0.5 1.222611e+04 1.206775e+04 1.211847e+04 1.227682e+04
1.5 1.220453e+04 1.207864e+04 1.212500e+04 1.225090e+04
2.5 1.216148e+04 1.210435e+04 1.214804e+04 1.220517e+04
3.5 1.211672e+04 1.212842e+04 1.217197e+04 1.216028e+04
4.5 1.219036e+04 1.214126e+04 1.218570e+04 1.223480e+04
5.5 1.218282e+04 1.214552e+04 1.219066e+04 1.222797e+04
6.5 1.212396e+04 1.214535e+04 1.219082e+04 1.216943e+04
7.5 1.207356e+04 1.214338e+04 1.218890e+04 1.211908e+04
8.5 1.211647e+04 1.214112e+04 1.218654e+04 1.216188e+04
9.5 1.216749e+04 1.213932e+04 1.218456e+04 1.221272e+04
10.5 1.221316e+04 1.213770e+04 1.218317e+04 1.225862e+04
11.5 1.223285e+04 1.212905e+04 1.217584e+04 1.227964e+04
12.5 1.229797e+04 1.210463e+04 1.215238e+04 1.234572e+04
13.5 1.227919e+04 1.208128e+04 1.212823e+04 1.232614e+04
14.5 1.216841e+04 1.206887e+04 1.211437e+04 1.221391e+04
15.5 1.206750e+04 1.206491e+04 1.210932e+04 1.211191e+04
16.5 1.197302e+04 1.206534e+04 1.210908e+04 1.201677e+04
17.5 1.192788e+04 1.206757e+04 1.211092e+04 1.197123e+04
18.5 1.198095e+04 1.207011e+04 1.211320e+04 1.202404e+04
19.5 1.197911e+04 1.207216e+04 1.211509e+04 1.202203e+04
20.5 1.203880e+04 1.206923e+04 1.211632e+04 1.208589e+04
21.5 1.208081e+04 1.207287e+04 1.211699e+04 1.212493e+04
22.5 1.211203e+04 1.212716e+04 1.211729e+04 1.210216e+04
23.5 1.212215e+04 1.220238e+04 1.211737e+04 1.203714e+04
24.5 1.216146e+04 1.225513e+04 1.211735e+04 1.202369e+04
25.5 1.229282e+04 1.227912e+04 1.211728e+04 1.213098e+04
26.5 1.236613e+04 1.228476e+04 1.211719e+04 1.219855e+04
27.5 1.237668e+04 1.228149e+04 1.211708e+04 1.221226e+04
0.5 1.213483e+04 1.208064e+04 1.211482e+04 1.216900e+04
1.5 1.211264e+04 1.209243e+04 1.212111e+04 1.214131e+04
2.5 1.210826e+04 1.211911e+04 1.214389e+04 1.213303e+04
3.5 1.207675e+04 1.214420e+04 1.216756e+04 1.210011e+04
4.5 1.210043e+04 1.215810e+04 1.218102e+04 1.212335e+04
5.5 1.226190e+04 1.216348e+04 1.218572e+04 1.228413e+04
6.5 1.234902e+04 1.216448e+04 1.218560e+04 1.237013e+04
7.5 1.230576e+04 1.216374e+04 1.218340e+04 1.232543e+04
8.5 1.218382e+04 1.216277e+04 1.218077e+04 1.220182e+04
9.5 1.206840e+04 1.216234e+04 1.217854e+04 1.208461e+04
10.5 1.199193e+04 1.216214e+04 1.217692e+04 1.200670e+04
11.5 1.199440e+04 1.215498e+04 1.216936e+04 1.200878e+04
12.5 1.200762e+04 1.213209e+04 1.214567e+04 1.202120e+04
13.5 1.207106e+04 1.211033e+04 1.212130e+04 1.208202e+04
14.5 1.208951e+04 1.209957e+04 1.210723e+04 1.209717e+04
15.5 1.208611e+04 1.209730e+04 1.210197e+04 1.209078e+04
16.5 1.214606e+04 1.209949e+04 1.210155e+04 1.214812e+04
17.5 1.220586e+04 1.210352e+04 1.210322e+04 1.220556e+04
18.5 1.221883e+04 1.210785e+04 1.210534e+04 1.221632e+04
