0.5 1.180232e+04 1.181713e+04 1.186245e+04 1.184764e+04
1.5 1.185250e+04 1.181377e+04 1.184641e+04 1.188515e+04
2.5 1.191333e+04 1.184941e+04 1.183425e+04 1.189817e+04
3.5 1.195633e+04 1.190560e+04 1.184068e+04 1.189141e+04
4.5 1.198444e+04 1.194691e+04 1.185384e+04 1.189137e+04
5.5 1.199427e+04 1.196594e+04 1.186326e+04 1.189160e+04
6.5 1.200487e+04 1.197016e+04 1.186803e+04 1.190274e+04
7.5 1.201902e+04 1.196701e+04 1.186976e+04 1.192177e+04
8.5 1.197724e+04 1.196127e+04 1.186979e+04 1.188576e+04
9.5 1.192150e+04 1.195570e+04 1.186909e+04 1.183489e+04
10.5 1.189148e+04 1.195583e+04 1.187281e+04 1.180845e+04
11.5 1.190071e+04 1.195505e+04 1.188817e+04 1.183383e+04
12.5 1.189378e+04 1.191641e+04 1.189991e+04 1.187728e+04
13.5 1.183316e+04 1.185794e+04 1.189326e+04 1.186847e+04
14.5 1.178208e+04 1.181477e+04 1.187998e+04 1.184730e+04
15.5 1.178329e+04 1.179411e+04 1.187051e+04 1.185969e+04
16.5 1.178493e+04 1.178842e+04 1.186571e+04 1.186222e+04
17.5 1.173658e+04 1.179020e+04 1.186395e+04 1.181034e+04
18.5 1.169544e+04 1.179467e+04 1.186392e+04 1.176469e+04
19.5 1.172384e+04 1.179911e+04 1.186464e+04 1.178937e+04
20.5 1.177822e+04 1.180333e+04 1.186548e+04 1.184036e+04
21.5 1.183250e+04 1.182097e+04 1.186613e+04 1.187766e+04
22.5 1.186896e+04 1.186842e+04 1.186653e+04 1.186707e+04
23.5 1.192055e+04 1.191322e+04 1.186674e+04 1.187408e+04
24.5 1.195817e+04 1.193681e+04 1.186685e+04 1.188820e+04
25.5 1.204478e+04 1.194427e+04 1.186689e+04 1.196741e+04
26.5 1.210007e+04 1.194341e+04 1.186692e+04 1.202357e+04
27.5 1.200598e+04 1.193920e+04 1.186693e+04 1.193370e+04
0.5 1.175750e+04 1.179567e+04 1.186238e+04 1.182422e+04
1.5 1.186804e+04 1.179477e+04 1.184637e+04 1.191964e+04
2.5 1.191312e+04 1.183214e+04 1.183423e+04 1.191521e+04
3.5 1.194465e+04 1.188966e+04 1.184068e+04 1.189568e+04
4.5 1.196611e+04 1.193208e+04 1.185386e+04 1.188789e+04
5.5 1.199121e+04 1.195209e+04 1.186329e+04 1.190241e+04
6.5 1.203652e+04 1.195722e+04 1.186808e+04 1.194738e+04
7.5 1.202653e+04 1.195491e+04 1.186984e+04 1.194147e+04
8.5 1.196409e+04 1.194993e+04 1.186988e+04 1.188404e+04
9.5 1.191167e+04 1.194507e+04 1.186920e+04 1.183581e+04
10.5 1.192800e+04 1.194587e+04 1.187293e+04 1.185506e+04
11.5 1.195228e+04 1.194571e+04 1.188829e+04 1.189486e+04
12.5 1.195523e+04 1.190766e+04 1.190004e+04 1.194760e+04
13.5 1.188905e+04 1.184975e+04 1.189338e+04 1.193268e+04
14.5 1.177860e+04 1.180710e+04 1.188010e+04 1.185160e+04
15.5 1.171370e+04 1.178695e+04 1.187063e+04 1.179739e+04
16.5 1.170216e+04 1.178171e+04 1.186582e+04 1.178627e+04
17.5 1.174116e+04 1.178394e+04 1.186406e+04 1.182128e+04
18.5 1.178163e+04 1.178885e+04 1.186402e+04 1.185680e+04
19.5 1.182554e+04 1.179370e+04 1.186474e+04 1.189658e+04
20.5 1.183634e+04 1.179831e+04 1.186557e+04 1.190360e+04
21.5 1.178956e+04 1.181631e+04 1.186622e+04 1.183947e+04
22.5 1.180913e+04 1.186410e+04 1.186662e+04 1.181165e+04
23.5 1.192295e+04 1.190923e+04 1.186683e+04 1.188055e+04
24.5 1.199718e+04 1.193312e+04 1.186693e+04 1.193099e+04
25.5 1.197725e+04 1.194086e+04 1.186697e+04 1.190336e+04
26.5 1.191643e+04 1.194026e+04 1.186699e+04 1.184316e+04
27.5 1.192043e+04 1.193628e+04 1.186700e+04 1.185115e+04
0.5 1.164534e+04 1.179466e+04 1.186240e+04 1.171308e+04
1.5 1.168830e+04 1.179387e+04 1.184639e+04 1.174082e+04
2.5 1.179050e+04 1.183134e+04 1.183425e+04 1.179341e+04
3.5 1.187463e+04 1.188894e+04 1.184069e+04 1.182638e+04
4.5 1.192134e+04 1.193144e+04 1.185387e+04 1.184378e+04
5.5 1.194839e+04 1.195153e+04 1.186331e+04 1.186017e+04
6.5 1.196267e+04 1.195672e+04 1.186810e+04 1.187405e+04
7.5 1.197881e+04 1.195447e+04 1.186986e+04 1.189420e+04
8.5 1.202518e+04 1.194954e+04 1.186991e+04 1.194554e+04
9.5 1.201335e+04 1.194471e+04 1.186923e+04 1.193786e+04
10.5 1.197354e+04 1.194554e+04 1.187295e+04 1.190095e+04
11.5 1.193524e+04 1.194540e+04 1.188832e+04 1.187815e+04
12.5 1.192888e+04 1.190737e+04 1.190005e+04 1.192157e+04
13.5 1.193639e+04 1.184947e+04 1.189340e+04 1.198032e+04
14.5 1.195762e+04 1.180684e+04 1.188012e+04 1.203090e+04
15.5 1.196397e+04 1.178670e+04 1.187064e+04 1.204791e+04
16.5 1.194387e+04 1.178148e+04 1.186583e+04 1.202822e+04
17.5 1.191323e+04 1.178373e+04 1.186407e+04 1.199358e+04
18.5 1.185184e+04 1.178866e+04 1.186403e+04 1.192721e+04
19.5 1.181201e+04 1.179353e+04 1.186474e+04 1.188322e+04
20.5 1.182627e+04 1.179818e+04 1.186558e+04 1.189367e+04
21.5 1.188693e+04 1.181620e+04 1.186622e+04 1.193695e+04
22.5 1.195273e+04 1.186402e+04 1.186662e+04 1.195534e+04
23.5 1.202705e+04 1.190916e+04 1.186683e+04 1.198472e+04
24.5 1.216885e+04 1.193308e+04 1.186693e+04 1.210271e+04
25.5 1.216977e+04 1.194083e+04 1.186698e+04 1.209592e+04
26.5 1.213102e+04 1.194025e+04 1.186699e+04 1.205777e+04
27.5 1.195558e+04 1.193628e+04 1.186700e+04 1.188630e+04
0.5 1.167149e+04 1.179466e+04 1.186240e+04 1.173922e+04
1.5 1.167133e+04 1.179387e+04 1.184639e+04 1.172385e+04
2.5 1.165894e+04 1.183134e+04 1.183425e+04 1.166185e+04
3.5 1.166786e+04 1.188894e+04 1.184069e+04 1.161961e+04
4.5 1.174959e+04 1.193144e+04 1.185387e+04 1.167202e+04
5.5 1.186408e+04 1.195152e+04 1.186331e+04 1.177588e+04
6.5 1.192837e+04 1.195670e+04 1.186810e+04 1.183977e+04
7.5 1.197500e+04 1.195444e+04 1.186985e+04 1.189041e+04
8.5 1.200582e+04 1.194951e+04 1.186989e+04 1.192620e+04
9.5 1.201587e+04 1.194469e+04 1.186921e+04 1.194040e+04
10.5 1.198934e+04 1.194552e+04 1.187293e+04 1.191675e+04
11.5 1.194892e+04 1.194540e+04 1.188830e+04 1.189181e+04
12.5 1.193576e+04 1.190739e+04 1.190003e+04 1.192840e+04
13.5 1.187955e+04 1.184951e+04 1.189337e+04 1.192341e+04
14.5 1.181861e+04 1.180690e+04 1.188009e+04 1.189181e+04
15.5 1.178639e+04 1.178678e+04 1.187061e+04 1.187022e+04
16.5 1.177649e+04 1.178159e+04 1.186581e+04 1.186071e+04
17.5 1.176523e+04 1.178386e+04 1.186405e+04 1.184542e+04
18.5 1.180117e+04 1.178880e+04 1.186400e+04 1.187637e+04
19.5 1.191912e+04 1.179368e+04 1.186472e+04 1.199016e+04
20.5 1.197818e+04 1.179833e+04 1.186555e+04 1.204540e+04
21.5 1.196434e+04 1.181635e+04 1.186619e+04 1.201418e+04
22.5 1.193601e+04 1.186418e+04 1.186659e+04 1.193843e+04
23.5 1.189568e+04 1.190932e+04 1.186680e+04 1.185315e+04
24.5 1.197544e+04 1.193324e+04 1.186689e+04 1.190909e+04
25.5 1.198898e+04 1.194100e+04 1.186693e+04 1.191491e+04
26.5 1.192169e+04 1.194043e+04 1.186695e+04 1.184820e+04
27.5 1.183405e+04 1.193649e+04 1.186695e+04 1.176451e+04
0.5 1.176371e+04 1.179563e+04 1.186225e+04 1.183033e+04
1.5 1.180935e+04 1.179491e+04 1.184623e+04 1.186067e+04
2.5 1.183812e+04 1.183247e+04 1.183408e+04 1.183973e+04
3.5 1.184595e+04 1.189016e+04 1.184051e+04 1.179630e+04
4.5 1.188675e+04 1.193275e+04 1.185367e+04 1.180767e+04
5.5 1.201546e+04 1.195295e+04 1.186309e+04 1.192560e+04
6.5 1.207459e+04 1.195826e+04 1.186786e+04 1.198419e+04
7.5 1.207053e+04 1.195613e+04 1.186960e+04 1.198399e+04
8.5 1.204107e+04 1.195136e+04 1.186961e+04 1.195932e+04
9.5 1.200131e+04 1.194672e+04 1.186891e+04 1.192350e+04
10.5 1.193757e+04 1.194774e+04 1.187261e+04 1.186244e+04
11.5 1.182295e+04 1.194783e+04 1.188795e+04 1.176307e+04
12.5 1.175979e+04 1.191005e+04 1.189966e+04 1.174940e+04
13.5 1.175299e+04 1.185242e+04 1.189298e+04 1.179354e+04
14.5 1.177551e+04 1.181007e+04 1.187968e+04 1.184512e+04
15.5 1.183381e+04 1.179024e+04 1.187017e+04 1.191375e+04
16.5 1.189048e+04 1.178535e+04 1.186534e+04 1.197047e+04
17.5 1.188389e+04 1.178794e+04 1.186355e+04 1.195951e+04
18.5 1.182310e+04 1.179321e+04 1.186348e+04 1.189337e+04
19.5 1.182052e+04 1.179844e+04 1.186417e+04 1.188626e+04
20.5 1.188030e+04 1.180344e+04 1.186498e+04 1.194183e+04
21.5 1.185483e+04 1.182186e+04 1.186559e+04 1.189856e+04
22.5 1.184052e+04 1.187009e+04 1.186596e+04 1.183640e+04
23.5 1.180323e+04 1.191568e+04 1.186614e+04 1.175369e+04
24.5 1.181999e+04 1.194007e+04 1.186621e+04 1.174613e+04
25.5 1.200178e+04 1.194833e+04 1.186622e+04 1.191966e+04
26.5 1.211839e+04 1.194830e+04 1.186620e+04 1.203629e+04
27.5 1.210891e+04 1.194494e+04 1.186618e+04 1.203015e+04
