0.5 1.125172e+04 1.123948e+04 1.129615e+04 1.130839e+04
1.5 1.131141e+04 1.126513e+04 1.130187e+04 1.134814e+04
2.5 1.135244e+04 1.133736e+04 1.130617e+04 1.132126e+04
3.5 1.140709e+04 1.140522e+04 1.130384e+04 1.130571e+04
4.5 1.145983e+04 1.144049e+04 1.129912e+04 1.131846e+04
5.5 1.154746e+04 1.145129e+04 1.129575e+04 1.139192e+04
6.5 1.161436e+04 1.144960e+04 1.129405e+04 1.145881e+04
7.5 1.153678e+04 1.144292e+04 1.129343e+04 1.138729e+04
8.5 1.142824e+04 1.143556e+04 1.129343e+04 1.128611e+04
9.5 1.138829e+04 1.142965e+04 1.129368e+04 1.125232e+04
10.5 1.142709e+04 1.142392e+04 1.129236e+04 1.129553e+04
11.5 1.146841e+04 1.139662e+04 1.128689e+04 1.135868e+04
12.5 1.143837e+04 1.132318e+04 1.128274e+04 1.139792e+04
13.5 1.132102e+04 1.125431e+04 1.128516e+04 1.135188e+04
14.5 1.121361e+04 1.121811e+04 1.128993e+04 1.128542e+04
15.5 1.119061e+04 1.120646e+04 1.129332e+04 1.127747e+04
16.5 1.113775e+04 1.120736e+04 1.129504e+04 1.122543e+04
17.5 1.106180e+04 1.121330e+04 1.129567e+04 1.114418e+04
18.5 1.104983e+04 1.121996e+04 1.129569e+04 1.112556e+04
19.5 1.105859e+04 1.122519e+04 1.129543e+04 1.112883e+04
20.5 1.115747e+04 1.122404e+04 1.129513e+04 1.122856e+04
21.5 1.125867e+04 1.121673e+04 1.129491e+04 1.133684e+04
22.5 1.127936e+04 1.122967e+04 1.129476e+04 1.134446e+04
23.5 1.128255e+04 1.126157e+04 1.129469e+04 1.131567e+04
24.5 1.129070e+04 1.128921e+04 1.129466e+04 1.129615e+04
25.5 1.131770e+04 1.130381e+04 1.129465e+04 1.130853e+04
26.5 1.137541e+04 1.130869e+04 1.129464e+04 1.136137e+04
27.5 1.136936e+04 1.130835e+04 1.129464e+04 1.135566e+04
0.5 1.128994e+04 1.122931e+04 1.129629e+04 1.135692e+04
1.5 1.124352e+04 1.125568e+04 1.130200e+04 1.128984e+04
2.5 1.125209e+04 1.132857e+04 1.130630e+04 1.122982e+04
3.5 1.137898e+04 1.139706e+04 1.130396e+04 1.128587e+04
4.5 1.147566e+04 1.143294e+04 1.129924e+04 1.134196e+04
5.5 1.150054e+04 1.144430e+04 1.129586e+04 1.135210e+04
6.5 1.147546e+04 1.144312e+04 1.129415e+04 1.132649e+04
7.5 1.148620e+04 1.143691e+04 1.129353e+04 1.134282e+04
8.5 1.152445e+04 1.143000e+04 1.129352e+04 1.138797e+04
9.5 1.152126e+04 1.142449e+04 1.129376e+04 1.139053e+04
10.5 1.145530e+04 1.141915e+04 1.129244e+04 1.132858e+04
11.5 1.136392e+04 1.139221e+04 1.128696e+04 1.125867e+04
12.5 1.137458e+04 1.131911e+04 1.128281e+04 1.133828e+04
13.5 1.142169e+04 1.125054e+04 1.128522e+04 1.145637e+04
14.5 1.132156e+04 1.121464e+04 1.128998e+04 1.139691e+04
15.5 1.118480e+04 1.120326e+04 1.129337e+04 1.127492e+04
16.5 1.111737e+04 1.120440e+04 1.129509e+04 1.120805e+04
17.5 1.113432e+04 1.121058e+04 1.129572e+04 1.121946e+04
18.5 1.110050e+04 1.121747e+04 1.129573e+04 1.117877e+04
19.5 1.105789e+04 1.122290e+04 1.129547e+04 1.113046e+04
20.5 1.103129e+04 1.122196e+04 1.129517e+04 1.110450e+04
21.5 1.107923e+04 1.121484e+04 1.129494e+04 1.115933e+04
22.5 1.116556e+04 1.122795e+04 1.129480e+04 1.123240e+04
23.5 1.122975e+04 1.126001e+04 1.129472e+04 1.126446e+04
24.5 1.127859e+04 1.128780e+04 1.129468e+04 1.128548e+04
25.5 1.129214e+04 1.130253e+04 1.129467e+04 1.128428e+04
26.5 1.131218e+04 1.130753e+04 1.129466e+04 1.129931e+04
27.5 1.133324e+04 1.130730e+04 1.129466e+04 1.132060e+04
0.5 1.128759e+04 1.122906e+04 1.129630e+04 1.135483e+04
1.5 1.133834e+04 1.125548e+04 1.130201e+04 1.138487e+04
2.5 1.142239e+04 1.132842e+04 1.130631e+04 1.140028e+04
3.5 1.149223e+04 1.139695e+04 1.130397e+04 1.139925e+04
4.5 1.165088e+04 1.143286e+04 1.129924e+04 1.151726e+04
5.5 1.167234e+04 1.144425e+04 1.129587e+04 1.152395e+04
6.5 1.166629e+04 1.144311e+04 1.129416e+04 1.151734e+04
7.5 1.150807e+04 1.143693e+04 1.129353e+04 1.136467e+04
8.5 1.139433e+04 1.143003e+04 1.129352e+04 1.125782e+04
9.5 1.137205e+04 1.142452e+04 1.129376e+04 1.124129e+04
10.5 1.124186e+04 1.141918e+04 1.129244e+04 1.111512e+04
11.5 1.110365e+04 1.139222e+04 1.128696e+04 1.099838e+04
12.5 1.109437e+04 1.131912e+04 1.128281e+04 1.105806e+04
13.5 1.107931e+04 1.125055e+04 1.128522e+04 1.111399e+04
14.5 1.104098e+04 1.121464e+04 1.128998e+04 1.111632e+04
15.5 1.109629e+04 1.120326e+04 1.129337e+04 1.118641e+04
16.5 1.109040e+04 1.120441e+04 1.129509e+04 1.118108e+04
17.5 1.103668e+04 1.121058e+04 1.129572e+04 1.112182e+04
18.5 1.100287e+04 1.121747e+04 1.129573e+04 1.108113e+04
19.5 1.103602e+04 1.122290e+04 1.129547e+04 1.110859e+04
20.5 1.107240e+04 1.122196e+04 1.129517e+04 1.114561e+04
21.5 1.107322e+04 1.121484e+04 1.129494e+04 1.115332e+04
22.5 1.106026e+04 1.122795e+04 1.129480e+04 1.112710e+04
23.5 1.107490e+04 1.126001e+04 1.129472e+04 1.110961e+04
24.5 1.114364e+04 1.128780e+04 1.129468e+04 1.115053e+04
25.5 1.124179e+04 1.130252e+04 1.129467e+04 1.123394e+04
26.5 1.129093e+04 1.130750e+04 1.129466e+04 1.127809e+04
27.5 1.133379e+04 1.130726e+04 1.129466e+04 1.132119e+04
0.5 1.141817e+04 1.122886e+04 1.129630e+04 1.148560e+04
1.5 1.142043e+04 1.125524e+04 1.130200e+04 1.146719e+04
2.5 1.142239e+04 1.132814e+04 1.130630e+04 1.140054e+04
3.5 1.138985e+04 1.139663e+04 1.130396e+04 1.129718e+04
4.5 1.146056e+04 1.143249e+04 1.129923e+04 1.132730e+04
5.5 1.150678e+04 1.144383e+04 1.129585e+04 1.135880e+04
6.5 1.142930e+04 1.144263e+04 1.129414e+04 1.128081e+04
7.5 1.130354e+04 1.143640e+04 1.129352e+04 1.116065e+04
8.5 1.123893e+04 1.142947e+04 1.129351e+04 1.110297e+04
9.5 1.126391e+04 1.142393e+04 1.129375e+04 1.113373e+04
10.5 1.130924e+04 1.141856e+04 1.129242e+04 1.118311e+04
11.5 1.133661e+04 1.139158e+04 1.128695e+04 1.123198e+04
12.5 1.139089e+04 1.131844e+04 1.128279e+04 1.135525e+04
13.5 1.137345e+04 1.124983e+04 1.128521e+04 1.140882e+04
14.5 1.129398e+04 1.121389e+04 1.128997e+04 1.137006e+04
15.5 1.122724e+04 1.120246e+04 1.129336e+04 1.131814e+04
16.5 1.114904e+04 1.120356e+04 1.129507e+04 1.124055e+04
17.5 1.108368e+04 1.120967e+04 1.129569e+04 1.116971e+04
18.5 1.112532e+04 1.121647e+04 1.129570e+04 1.120455e+04
19.5 1.113405e+04 1.122181e+04 1.129544e+04 1.120768e+04
20.5 1.118734e+04 1.122076e+04 1.129514e+04 1.126172e+04
21.5 1.123376e+04 1.121352e+04 1.129490e+04 1.131514e+04
22.5 1.125698e+04 1.122650e+04 1.129476e+04 1.132523e+04
23.5 1.125853e+04 1.125843e+04 1.129468e+04 1.129478e+04
24.5 1.130038e+04 1.128607e+04 1.129464e+04 1.130895e+04
25.5 1.142259e+04 1.130065e+04 1.129462e+04 1.141656e+04
26.5 1.146062e+04 1.130548e+04 1.129461e+04 1.144975e+04
27.5 1.144377e+04 1.130508e+04 1.129460e+04 1.143330e+04
0.5 1.132087e+04 1.122375e+04 1.129618e+04 1.139330e+04
1.5 1.129740e+04 1.124981e+04 1.130188e+04 1.134947e+04
2.5 1.126717e+04 1.132239e+04 1.130617e+04 1.125095e+04
3.5 1.122529e+04 1.139056e+04 1.130383e+04 1.113856e+04
4.5 1.123241e+04 1.142611e+04 1.129910e+04 1.110540e+04
5.5 1.142880e+04 1.143714e+04 1.129572e+04 1.128738e+04
6.5 1.157555e+04 1.143565e+04 1.129401e+04 1.143391e+04
7.5 1.161745e+04 1.142915e+04 1.129339e+04 1.148169e+04
8.5 1.154959e+04 1.142200e+04 1.129338e+04 1.142098e+04
9.5 1.141557e+04 1.141631e+04 1.129364e+04 1.129290e+04
10.5 1.128110e+04 1.141084e+04 1.129231e+04 1.116257e+04
11.5 1.117728e+04 1.138379e+04 1.128684e+04 1.108033e+04
12.5 1.112287e+04 1.131063e+04 1.128269e+04 1.109493e+04
13.5 1.114426e+04 1.124204e+04 1.128511e+04 1.118733e+04
14.5 1.113855e+04 1.120614e+04 1.128987e+04 1.122228e+04
15.5 1.114502e+04 1.119481e+04 1.129327e+04 1.124347e+04
16.5 1.122093e+04 1.119607e+04 1.129499e+04 1.131985e+04
17.5 1.128833e+04 1.120241e+04 1.129562e+04 1.138154e+04
18.5 1.130647e+04 1.120950e+04 1.129564e+04 1.139261e+04
