0.5 1.125172e+04 1.123948e+04 1.125904e+04 1.127128e+04
1.5 1.131141e+04 1.126513e+04 1.127747e+04 1.132374e+04
2.5 1.135244e+04 1.133736e+04 1.134452e+04 1.135961e+04
3.5 1.140709e+04 1.140522e+04 1.141424e+04 1.141611e+04
4.5 1.145983e+04 1.144049e+04 1.145399e+04 1.147333e+04
5.5 1.154746e+04 1.145129e+04 1.146802e+04 1.156419e+04
6.5 1.161436e+04 1.144960e+04 1.146794e+04 1.163270e+04
7.5 1.153678e+04 1.144292e+04 1.146180e+04 1.155566e+04
8.5 1.142824e+04 1.143556e+04 1.145439e+04 1.144707e+04
9.5 1.138829e+04 1.142965e+04 1.144817e+04 1.140681e+04
10.5 1.142709e+04 1.142392e+04 1.144372e+04 1.144688e+04
11.5 1.146841e+04 1.139662e+04 1.142183e+04 1.149362e+04
12.5 1.143837e+04 1.132318e+04 1.135250e+04 1.146768e+04
13.5 1.132102e+04 1.125431e+04 1.128116e+04 1.134788e+04
14.5 1.121361e+04 1.121811e+04 1.124017e+04 1.123566e+04
15.5 1.119061e+04 1.120646e+04 1.122508e+04 1.120923e+04
16.5 1.113775e+04 1.120736e+04 1.122422e+04 1.115461e+04
17.5 1.106180e+04 1.121330e+04 1.122950e+04 1.107801e+04
18.5 1.104983e+04 1.121996e+04 1.123612e+04 1.106599e+04
19.5 1.105859e+04 1.122519e+04 1.124161e+04 1.107502e+04
20.5 1.115747e+04 1.122404e+04 1.124523e+04 1.117866e+04
21.5 1.125867e+04 1.121673e+04 1.124722e+04 1.128915e+04
22.5 1.127936e+04 1.122967e+04 1.124814e+04 1.129783e+04
23.5 1.128255e+04 1.126157e+04 1.124847e+04 1.126945e+04
24.5 1.129070e+04 1.128921e+04 1.124852e+04 1.125000e+04
25.5 1.131770e+04 1.130381e+04 1.124845e+04 1.126233e+04
26.5 1.137541e+04 1.130869e+04 1.124834e+04 1.131507e+04
27.5 1.136936e+04 1.130835e+04 1.124823e+04 1.130925e+04
0.5 1.128994e+04 1.122931e+04 1.124748e+04 1.130810e+04
1.5 1.124352e+04 1.125568e+04 1.126670e+04 1.125455e+04
2.5 1.125209e+04 1.132857e+04 1.133450e+04 1.125802e+04
3.5 1.137898e+04 1.139706e+04 1.140494e+04 1.138685e+04
4.5 1.147566e+04 1.143294e+04 1.144536e+04 1.148808e+04
5.5 1.150054e+04 1.144430e+04 1.146002e+04 1.151626e+04
6.5 1.147546e+04 1.144312e+04 1.146052e+04 1.149286e+04
7.5 1.148620e+04 1.143691e+04 1.145493e+04 1.150422e+04
8.5 1.152445e+04 1.143000e+04 1.144802e+04 1.154248e+04
9.5 1.152126e+04 1.142449e+04 1.144227e+04 1.153904e+04
10.5 1.145530e+04 1.141915e+04 1.143825e+04 1.147440e+04
11.5 1.136392e+04 1.139221e+04 1.141678e+04 1.138850e+04
12.5 1.137458e+04 1.131911e+04 1.134784e+04 1.140331e+04
13.5 1.142169e+04 1.125054e+04 1.127686e+04 1.144801e+04
14.5 1.132156e+04 1.121464e+04 1.123619e+04 1.134312e+04
15.5 1.118480e+04 1.120326e+04 1.122142e+04 1.120297e+04
16.5 1.111737e+04 1.120440e+04 1.122085e+04 1.113382e+04
17.5 1.113432e+04 1.121058e+04 1.122641e+04 1.115015e+04
18.5 1.110050e+04 1.121747e+04 1.123328e+04 1.111632e+04
19.5 1.105789e+04 1.122290e+04 1.123901e+04 1.107400e+04
20.5 1.103129e+04 1.122196e+04 1.124284e+04 1.105217e+04
21.5 1.107923e+04 1.121484e+04 1.124504e+04 1.110943e+04
22.5 1.116556e+04 1.122795e+04 1.124614e+04 1.118375e+04
23.5 1.122975e+04 1.126001e+04 1.124664e+04 1.121638e+04
24.5 1.127859e+04 1.128780e+04 1.124685e+04 1.123765e+04
25.5 1.129214e+04 1.130253e+04 1.124693e+04 1.123655e+04
26.5 1.131218e+04 1.130753e+04 1.124696e+04 1.125161e+04
27.5 1.133324e+04 1.130730e+04 1.124697e+04 1.127291e+04
0.5 1.128759e+04 1.122906e+04 1.124719e+04 1.130572e+04
1.5 1.133834e+04 1.125548e+04 1.126648e+04 1.134933e+04
2.5 1.142239e+04 1.132842e+04 1.133432e+04 1.142829e+04
3.5 1.149223e+04 1.139695e+04 1.140481e+04 1.150009e+04
4.5 1.165088e+04 1.143286e+04 1.144527e+04 1.166329e+04
5.5 1.167234e+04 1.144425e+04 1.145996e+04 1.168805e+04
6.5 1.166629e+04 1.144311e+04 1.146050e+04 1.168369e+04
7.5 1.150807e+04 1.143693e+04 1.145494e+04 1.152608e+04
8.5 1.139433e+04 1.143003e+04 1.144805e+04 1.141235e+04
9.5 1.137205e+04 1.142452e+04 1.144229e+04 1.138983e+04
10.5 1.124186e+04 1.141918e+04 1.143828e+04 1.126097e+04
11.5 1.110365e+04 1.139222e+04 1.141680e+04 1.112822e+04
12.5 1.109437e+04 1.131912e+04 1.134785e+04 1.112310e+04
13.5 1.107931e+04 1.125055e+04 1.127686e+04 1.110563e+04
14.5 1.104098e+04 1.121464e+04 1.123620e+04 1.106254e+04
15.5 1.109629e+04 1.120326e+04 1.122142e+04 1.111446e+04
16.5 1.109040e+04 1.120441e+04 1.122086e+04 1.110685e+04
17.5 1.103668e+04 1.121058e+04 1.122641e+04 1.105251e+04
18.5 1.100287e+04 1.121747e+04 1.123328e+04 1.101869e+04
19.5 1.103602e+04 1.122290e+04 1.123901e+04 1.105213e+04
20.5 1.107240e+04 1.122196e+04 1.124284e+04 1.109328e+04
21.5 1.107322e+04 1.121484e+04 1.124504e+04 1.110342e+04
22.5 1.106026e+04 1.122795e+04 1.124614e+04 1.107845e+04
23.5 1.107490e+04 1.126001e+04 1.124664e+04 1.106153e+04
24.5 1.114364e+04 1.128780e+04 1.124685e+04 1.110270e+04
25.5 1.124179e+04 1.130252e+04 1.124692e+04 1.118619e+04
26.5 1.129093e+04 1.130750e+04 1.124694e+04 1.123037e+04
27.5 1.133379e+04 1.130726e+04 1.124694e+04 1.127347e+04
0.5 1.141817e+04 1.122886e+04 1.124681e+04 1.143612e+04
1.5 1.142043e+04 1.125524e+04 1.126605e+04 1.143123e+04
2.5 1.142239e+04 1.132814e+04 1.133384e+04 1.142808e+04
3.5 1.138985e+04 1.139663e+04 1.140425e+04 1.139748e+04
4.5 1.146056e+04 1.143249e+04 1.144464e+04 1.147271e+04
5.5 1.150678e+04 1.144383e+04 1.145926e+04 1.152221e+04
6.5 1.142930e+04 1.144263e+04 1.145971e+04 1.144638e+04
7.5 1.130354e+04 1.143640e+04 1.145407e+04 1.132121e+04
8.5 1.123893e+04 1.142947e+04 1.144711e+04 1.125657e+04
9.5 1.126391e+04 1.142393e+04 1.144129e+04 1.128127e+04
10.5 1.130924e+04 1.141856e+04 1.143720e+04 1.132788e+04
11.5 1.133661e+04 1.139158e+04 1.141565e+04 1.136068e+04
12.5 1.139089e+04 1.131844e+04 1.134661e+04 1.141906e+04
13.5 1.137345e+04 1.124983e+04 1.127554e+04 1.139916e+04
14.5 1.129398e+04 1.121389e+04 1.123477e+04 1.131486e+04
15.5 1.122724e+04 1.120246e+04 1.121989e+04 1.124467e+04
16.5 1.114904e+04 1.120356e+04 1.121920e+04 1.116468e+04
17.5 1.108368e+04 1.120967e+04 1.122462e+04 1.109863e+04
18.5 1.112532e+04 1.121647e+04 1.123133e+04 1.114018e+04
19.5 1.113405e+04 1.122181e+04 1.123687e+04 1.114911e+04
20.5 1.118734e+04 1.122076e+04 1.124051e+04 1.120708e+04
21.5 1.123376e+04 1.121352e+04 1.124248e+04 1.126272e+04
22.5 1.125698e+04 1.122650e+04 1.124335e+04 1.127383e+04
23.5 1.125853e+04 1.125843e+04 1.124360e+04 1.124370e+04
24.5 1.130038e+04 1.128607e+04 1.124354e+04 1.125785e+04
25.5 1.142259e+04 1.130065e+04 1.124333e+04 1.136527e+04
26.5 1.146062e+04 1.130548e+04 1.124305e+04 1.139819e+04
27.5 1.144377e+04 1.130508e+04 1.124272e+04 1.138142e+04
0.5 1.132087e+04 1.122375e+04 1.123608e+04 1.133320e+04
1.5 1.129740e+04 1.124981e+04 1.125458e+04 1.130217e+04
2.5 1.126717e+04 1.132239e+04 1.132162e+04 1.126640e+04
3.5 1.122529e+04 1.139056e+04 1.139127e+04 1.122600e+04
4.5 1.123241e+04 1.142611e+04 1.143088e+04 1.123718e+04
5.5 1.142880e+04 1.143714e+04 1.144470e+04 1.143636e+04
6.5 1.157555e+04 1.143565e+04 1.144434e+04 1.158424e+04
7.5 1.161745e+04 1.142915e+04 1.143789e+04 1.162618e+04
8.5 1.154959e+04 1.142200e+04 1.143015e+04 1.155774e+04
9.5 1.141557e+04 1.141631e+04 1.142359e+04 1.142285e+04
10.5 1.128110e+04 1.141084e+04 1.141880e+04 1.128906e+04
11.5 1.117728e+04 1.138379e+04 1.139657e+04 1.119005e+04
12.5 1.112287e+04 1.131063e+04 1.132687e+04 1.113911e+04
13.5 1.114426e+04 1.124204e+04 1.125515e+04 1.115737e+04
14.5 1.113855e+04 1.120614e+04 1.121376e+04 1.114617e+04
15.5 1.114502e+04 1.119481e+04 1.119829e+04 1.114849e+04
16.5 1.122093e+04 1.119607e+04 1.119705e+04 1.122191e+04
17.5 1.128833e+04 1.120241e+04 1.120195e+04 1.128787e+04
18.5 1.130647e+04 1.120950e+04 1.120820e+04 1.130517e+04
