0.5 1.177822e+04 1.180333e+04 1.186775e+04 1.184263e+04
1.5 1.183250e+04 1.182097e+04 1.187099e+04 1.188253e+04
2.5 1.186896e+04 1.186842e+04 1.187344e+04 1.187398e+04
3.5 1.192055e+04 1.191322e+04 1.187212e+04 1.187945e+04
4.5 1.195817e+04 1.193681e+04 1.186944e+04 1.189079e+04
5.5 1.204478e+04 1.194427e+04 1.186753e+04 1.196804e+04
6.5 1.210007e+04 1.194341e+04 1.186656e+04 1.202321e+04
7.5 1.200598e+04 1.193920e+04 1.186621e+04 1.193299e+04
8.5 1.189862e+04 1.193449e+04 1.186621e+04 1.183033e+04
9.5 1.185299e+04 1.193068e+04 1.186635e+04 1.178865e+04
10.5 1.191554e+04 1.192713e+04 1.186560e+04 1.185401e+04
11.5 1.196530e+04 1.190987e+04 1.186250e+04 1.191793e+04
12.5 1.193852e+04 1.186246e+04 1.186014e+04 1.193620e+04
13.5 1.185678e+04 1.181746e+04 1.186151e+04 1.190083e+04
14.5 1.180962e+04 1.179354e+04 1.186422e+04 1.188029e+04
15.5 1.181388e+04 1.178571e+04 1.186615e+04 1.189432e+04
16.5 1.175008e+04 1.178620e+04 1.186712e+04 1.183100e+04
17.5 1.167990e+04 1.179005e+04 1.186748e+04 1.175733e+04
18.5 1.166492e+04 1.179443e+04 1.186749e+04 1.173797e+04
19.5 1.167314e+04 1.179788e+04 1.186734e+04 1.174261e+04
20.5 1.175750e+04 1.179567e+04 1.186717e+04 1.182901e+04
21.5 1.186804e+04 1.179477e+04 1.186704e+04 1.194032e+04
22.5 1.191312e+04 1.183214e+04 1.186696e+04 1.194794e+04
23.5 1.194465e+04 1.188966e+04 1.186692e+04 1.192192e+04
24.5 1.196611e+04 1.193208e+04 1.186690e+04 1.190094e+04
25.5 1.199121e+04 1.195209e+04 1.186690e+04 1.190601e+04
26.5 1.203652e+04 1.195722e+04 1.186689e+04 1.194619e+04
27.5 1.202653e+04 1.195491e+04 1.186689e+04 1.193852e+04
0.5 1.183634e+04 1.179831e+04 1.186783e+04 1.190586e+04
1.5 1.178956e+04 1.181631e+04 1.187107e+04 1.184432e+04
2.5 1.180913e+04 1.186410e+04 1.187351e+04 1.181854e+04
3.5 1.192295e+04 1.190923e+04 1.187218e+04 1.188591e+04
4.5 1.199718e+04 1.193312e+04 1.186950e+04 1.193356e+04
5.5 1.197725e+04 1.194086e+04 1.186759e+04 1.190397e+04
6.5 1.191643e+04 1.194026e+04 1.186661e+04 1.184279e+04
7.5 1.192043e+04 1.193628e+04 1.186626e+04 1.185041e+04
8.5 1.198316e+04 1.193178e+04 1.186625e+04 1.191763e+04
9.5 1.197044e+04 1.192817e+04 1.186639e+04 1.190867e+04
10.5 1.189416e+04 1.192480e+04 1.186564e+04 1.183500e+04
11.5 1.182536e+04 1.190771e+04 1.186253e+04 1.178018e+04
12.5 1.188439e+04 1.186046e+04 1.186018e+04 1.188411e+04
13.5 1.198183e+04 1.181561e+04 1.186155e+04 1.202777e+04
14.5 1.192174e+04 1.179183e+04 1.186425e+04 1.199416e+04
15.5 1.180280e+04 1.178413e+04 1.186617e+04 1.188484e+04
16.5 1.174804e+04 1.178474e+04 1.186715e+04 1.183045e+04
17.5 1.175035e+04 1.178871e+04 1.186750e+04 1.182915e+04
18.5 1.171403e+04 1.179320e+04 1.186751e+04 1.178834e+04
19.5 1.167944e+04 1.179676e+04 1.186736e+04 1.175004e+04
20.5 1.164534e+04 1.179466e+04 1.186719e+04 1.171788e+04
21.5 1.168830e+04 1.179387e+04 1.186706e+04 1.176150e+04
22.5 1.179050e+04 1.183134e+04 1.186698e+04 1.182614e+04
23.5 1.187463e+04 1.188894e+04 1.186694e+04 1.185263e+04
24.5 1.192134e+04 1.193144e+04 1.186692e+04 1.185682e+04
25.5 1.194839e+04 1.195153e+04 1.186691e+04 1.186377e+04
26.5 1.196267e+04 1.195672e+04 1.186691e+04 1.187285e+04
27.5 1.197881e+04 1.195447e+04 1.186690e+04 1.189124e+04
0.5 1.182627e+04 1.179818e+04 1.186784e+04 1.189593e+04
1.5 1.188693e+04 1.181620e+04 1.187108e+04 1.194181e+04
2.5 1.195273e+04 1.186402e+04 1.187352e+04 1.196223e+04
3.5 1.202705e+04 1.190916e+04 1.187219e+04 1.199007e+04
4.5 1.216885e+04 1.193308e+04 1.186951e+04 1.210528e+04
5.5 1.216977e+04 1.194083e+04 1.186759e+04 1.209653e+04
6.5 1.213102e+04 1.194025e+04 1.186662e+04 1.205739e+04
7.5 1.195558e+04 1.193628e+04 1.186626e+04 1.188556e+04
8.5 1.183391e+04 1.193179e+04 1.186626e+04 1.176837e+04
9.5 1.180612e+04 1.192819e+04 1.186639e+04 1.174433e+04
10.5 1.173683e+04 1.192482e+04 1.186564e+04 1.167765e+04
11.5 1.165173e+04 1.190772e+04 1.186253e+04 1.160654e+04
12.5 1.169259e+04 1.186046e+04 1.186018e+04 1.169231e+04
13.5 1.169481e+04 1.181561e+04 1.186155e+04 1.174074e+04
14.5 1.167026e+04 1.179183e+04 1.186425e+04 1.174268e+04
15.5 1.172203e+04 1.178413e+04 1.186617e+04 1.180407e+04
16.5 1.173191e+04 1.178474e+04 1.186715e+04 1.181432e+04
17.5 1.166125e+04 1.178871e+04 1.186750e+04 1.174005e+04
18.5 1.162136e+04 1.179320e+04 1.186751e+04 1.169568e+04
19.5 1.164264e+04 1.179676e+04 1.186736e+04 1.171324e+04
20.5 1.167149e+04 1.179466e+04 1.186719e+04 1.174402e+04
21.5 1.167133e+04 1.179387e+04 1.186706e+04 1.174453e+04
22.5 1.165894e+04 1.183134e+04 1.186698e+04 1.169459e+04
23.5 1.166786e+04 1.188894e+04 1.186694e+04 1.164586e+04
24.5 1.174959e+04 1.193144e+04 1.186692e+04 1.168506e+04
25.5 1.186408e+04 1.195152e+04 1.186691e+04 1.177948e+04
26.5 1.192837e+04 1.195670e+04 1.186691e+04 1.183857e+04
27.5 1.197500e+04 1.195444e+04 1.186690e+04 1.188746e+04
0.5 1.197818e+04 1.179833e+04 1.186783e+04 1.204768e+04
1.5 1.196434e+04 1.181635e+04 1.187107e+04 1.201906e+04
2.5 1.193601e+04 1.186418e+04 1.187351e+04 1.194535e+04
3.5 1.189568e+04 1.190932e+04 1.187218e+04 1.185853e+04
4.5 1.197544e+04 1.193324e+04 1.186950e+04 1.191170e+04
5.5 1.198898e+04 1.194100e+04 1.186758e+04 1.191556e+04
6.5 1.192169e+04 1.194043e+04 1.186661e+04 1.184787e+04
7.5 1.183405e+04 1.193649e+04 1.186626e+04 1.176382e+04
8.5 1.183252e+04 1.193203e+04 1.186625e+04 1.176674e+04
9.5 1.186990e+04 1.192846e+04 1.186639e+04 1.180783e+04
10.5 1.191603e+04 1.192513e+04 1.186563e+04 1.185653e+04
11.5 1.193788e+04 1.190809e+04 1.186253e+04 1.189232e+04
12.5 1.200231e+04 1.186089e+04 1.186017e+04 1.200159e+04
13.5 1.198554e+04 1.181609e+04 1.186154e+04 1.203099e+04
14.5 1.188788e+04 1.179238e+04 1.186424e+04 1.195975e+04
15.5 1.180038e+04 1.178475e+04 1.186616e+04 1.188180e+04
16.5 1.170760e+04 1.178543e+04 1.186714e+04 1.178931e+04
17.5 1.165409e+04 1.178947e+04 1.186749e+04 1.173211e+04
18.5 1.170224e+04 1.179403e+04 1.186750e+04 1.177571e+04
19.5 1.170447e+04 1.179766e+04 1.186735e+04 1.177416e+04
20.5 1.176371e+04 1.179563e+04 1.186717e+04 1.183525e+04
21.5 1.180935e+04 1.179491e+04 1.186704e+04 1.188148e+04
22.5 1.183812e+04 1.183247e+04 1.186696e+04 1.187261e+04
23.5 1.184595e+04 1.189016e+04 1.186691e+04 1.182270e+04
24.5 1.188675e+04 1.193275e+04 1.186689e+04 1.182089e+04
25.5 1.201546e+04 1.195295e+04 1.186688e+04 1.192940e+04
26.5 1.207459e+04 1.195826e+04 1.186688e+04 1.198321e+04
27.5 1.207053e+04 1.195613e+04 1.186687e+04 1.198127e+04
0.5 1.188030e+04 1.180344e+04 1.186777e+04 1.194462e+04
1.5 1.185483e+04 1.182186e+04 1.187100e+04 1.190398e+04
2.5 1.184052e+04 1.187009e+04 1.187344e+04 1.184388e+04
3.5 1.180323e+04 1.191568e+04 1.187211e+04 1.175966e+04
4.5 1.181999e+04 1.194007e+04 1.186943e+04 1.174935e+04
5.5 1.200178e+04 1.194833e+04 1.186751e+04 1.192095e+04
6.5 1.211839e+04 1.194830e+04 1.186654e+04 1.203662e+04
7.5 1.210891e+04 1.194494e+04 1.186618e+04 1.203015e+04
8.5 1.200676e+04 1.194113e+04 1.186618e+04 1.193181e+04
9.5 1.188576e+04 1.193828e+04 1.186632e+04 1.181381e+04
10.5 1.177946e+04 1.193573e+04 1.186557e+04 1.170931e+04
11.5 1.173391e+04 1.191951e+04 1.186247e+04 1.167686e+04
12.5 1.171641e+04 1.187318e+04 1.186011e+04 1.170334e+04
13.5 1.175969e+04 1.182931e+04 1.186148e+04 1.179186e+04
14.5 1.177013e+04 1.180657e+04 1.186419e+04 1.182775e+04
15.5 1.177158e+04 1.179996e+04 1.186611e+04 1.183773e+04
16.5 1.183964e+04 1.180172e+04 1.186709e+04 1.190501e+04
17.5 1.190511e+04 1.180691e+04 1.186745e+04 1.196565e+04
18.5 1.192153e+04 1.181263e+04 1.186746e+04 1.197636e+04
