0.5 1.189882e+04 1.193122e+04 1.194946e+04 1.191706e+04
1.5 1.194747e+04 1.191133e+04 1.195248e+04 1.198861e+04
2.5 1.198707e+04 1.190404e+04 1.196313e+04 1.204615e+04
3.5 1.199047e+04 1.192069e+04 1.197419e+04 1.204397e+04
4.5 1.196303e+04 1.194119e+04 1.198056e+04 1.200240e+04
5.5 1.194157e+04 1.195301e+04 1.198288e+04 1.197144e+04
6.5 1.192846e+04 1.195681e+04 1.198298e+04 1.195463e+04
7.5 1.195023e+04 1.195591e+04 1.198214e+04 1.197646e+04
8.5 1.191858e+04 1.195272e+04 1.198109e+04 1.194695e+04
9.5 1.185306e+04 1.194889e+04 1.198023e+04 1.188440e+04
10.5 1.184605e+04 1.195097e+04 1.197965e+04 1.187473e+04
11.5 1.186503e+04 1.196509e+04 1.197633e+04 1.187627e+04
12.5 1.190851e+04 1.196726e+04 1.196555e+04 1.190680e+04
13.5 1.189368e+04 1.194596e+04 1.195445e+04 1.190217e+04
14.5 1.188850e+04 1.192116e+04 1.194811e+04 1.191545e+04
15.5 1.193099e+04 1.190529e+04 1.194584e+04 1.197154e+04
16.5 1.194743e+04 1.189762e+04 1.194579e+04 1.199560e+04
17.5 1.192002e+04 1.189484e+04 1.194670e+04 1.197189e+04
18.5 1.188894e+04 1.189449e+04 1.194782e+04 1.194226e+04
19.5 1.189656e+04 1.189501e+04 1.194876e+04 1.195031e+04
20.5 1.194559e+04 1.189646e+04 1.194939e+04 1.199853e+04
21.5 1.200861e+04 1.192743e+04 1.194977e+04 1.203095e+04
22.5 1.207613e+04 1.202834e+04 1.194998e+04 1.199777e+04
23.5 1.215868e+04 1.212958e+04 1.195009e+04 1.197919e+04
24.5 1.222107e+04 1.218560e+04 1.195015e+04 1.198561e+04
25.5 1.233007e+04 1.220457e+04 1.195019e+04 1.207569e+04
26.5 1.239543e+04 1.220367e+04 1.195022e+04 1.214198e+04
27.5 1.230650e+04 1.219443e+04 1.195025e+04 1.206232e+04
0.5 1.178736e+04 1.187294e+04 1.195048e+04 1.186490e+04
1.5 1.188540e+04 1.185857e+04 1.195351e+04 1.198035e+04
2.5 1.186751e+04 1.185518e+04 1.196417e+04 1.197650e+04
3.5 1.184149e+04 1.187483e+04 1.197524e+04 1.194190e+04
4.5 1.182841e+04 1.189787e+04 1.198160e+04 1.191214e+04
5.5 1.189610e+04 1.191199e+04 1.198391e+04 1.196802e+04
6.5 1.200181e+04 1.191797e+04 1.198400e+04 1.206785e+04
7.5 1.196671e+04 1.191915e+04 1.198313e+04 1.203070e+04
8.5 1.188089e+04 1.191796e+04 1.198206e+04 1.194498e+04
9.5 1.184810e+04 1.191606e+04 1.198116e+04 1.191321e+04
10.5 1.190988e+04 1.191999e+04 1.198054e+04 1.197043e+04
11.5 1.192694e+04 1.193589e+04 1.197718e+04 1.196822e+04
12.5 1.196500e+04 1.193977e+04 1.196636e+04 1.199159e+04
13.5 1.198772e+04 1.192012e+04 1.195522e+04 1.202281e+04
14.5 1.189119e+04 1.189689e+04 1.194884e+04 1.194313e+04
15.5 1.183788e+04 1.188253e+04 1.194652e+04 1.190187e+04
16.5 1.183148e+04 1.187630e+04 1.194644e+04 1.190162e+04
17.5 1.188801e+04 1.187488e+04 1.194731e+04 1.196044e+04
18.5 1.191729e+04 1.187585e+04 1.194839e+04 1.198983e+04
19.5 1.195520e+04 1.187760e+04 1.194930e+04 1.202689e+04
20.5 1.194640e+04 1.188024e+04 1.194990e+04 1.201606e+04
21.5 1.190443e+04 1.191233e+04 1.195025e+04 1.194234e+04
22.5 1.192922e+04 1.201431e+04 1.195042e+04 1.186533e+04
23.5 1.207789e+04 1.211655e+04 1.195050e+04 1.191184e+04
24.5 1.221220e+04 1.217352e+04 1.195054e+04 1.198922e+04
25.5 1.227155e+04 1.219337e+04 1.195055e+04 1.202872e+04
26.5 1.224910e+04 1.219329e+04 1.195056e+04 1.200636e+04
27.5 1.228007e+04 1.218482e+04 1.195056e+04 1.204581e+04
0.5 1.161565e+04 1.186960e+04 1.195059e+04 1.169665e+04
1.5 1.168026e+04 1.185551e+04 1.195362e+04 1.177836e+04
2.5 1.176803e+04 1.185239e+04 1.196427e+04 1.187991e+04
3.5 1.183031e+04 1.187229e+04 1.197534e+04 1.193336e+04
4.5 1.185713e+04 1.189556e+04 1.198169e+04 1.194327e+04
5.5 1.189961e+04 1.190989e+04 1.198400e+04 1.197372e+04
6.5 1.193083e+04 1.191606e+04 1.198408e+04 1.199886e+04
7.5 1.195699e+04 1.191742e+04 1.198321e+04 1.202278e+04
8.5 1.201585e+04 1.191640e+04 1.198213e+04 1.208158e+04
9.5 1.197087e+04 1.191464e+04 1.198123e+04 1.203745e+04
10.5 1.193164e+04 1.191870e+04 1.198060e+04 1.199354e+04
11.5 1.191971e+04 1.193472e+04 1.197722e+04 1.196221e+04
12.5 1.194872e+04 1.193870e+04 1.196640e+04 1.197642e+04
13.5 1.200389e+04 1.191915e+04 1.195525e+04 1.203999e+04
14.5 1.206163e+04 1.189601e+04 1.194887e+04 1.211449e+04
15.5 1.210274e+04 1.188173e+04 1.194655e+04 1.216755e+04
16.5 1.209562e+04 1.187558e+04 1.194646e+04 1.216651e+04
17.5 1.207364e+04 1.187423e+04 1.194733e+04 1.214674e+04
18.5 1.201617e+04 1.187527e+04 1.194841e+04 1.208931e+04
19.5 1.195334e+04 1.187712e+04 1.194931e+04 1.202553e+04
20.5 1.195977e+04 1.187984e+04 1.194991e+04 1.202983e+04
21.5 1.203242e+04 1.191202e+04 1.195025e+04 1.207065e+04
22.5 1.211675e+04 1.201407e+04 1.195043e+04 1.205311e+04
23.5 1.220828e+04 1.211637e+04 1.195051e+04 1.204241e+04
24.5 1.238784e+04 1.217340e+04 1.195054e+04 1.216498e+04
25.5 1.241138e+04 1.219330e+04 1.195055e+04 1.216864e+04
26.5 1.241295e+04 1.219327e+04 1.195056e+04 1.217024e+04
27.5 1.227802e+04 1.218483e+04 1.195056e+04 1.204375e+04
0.5 1.168447e+04 1.186960e+04 1.195059e+04 1.176546e+04
1.5 1.167348e+04 1.185551e+04 1.195362e+04 1.177159e+04
2.5 1.165112e+04 1.185239e+04 1.196427e+04 1.176300e+04
3.5 1.167843e+04 1.187229e+04 1.197534e+04 1.178148e+04
4.5 1.177205e+04 1.189556e+04 1.198169e+04 1.185818e+04
5.5 1.185772e+04 1.190988e+04 1.198400e+04 1.193184e+04
6.5 1.188844e+04 1.191603e+04 1.198408e+04 1.195650e+04
7.5 1.193499e+04 1.191736e+04 1.198321e+04 1.200084e+04
8.5 1.199106e+04 1.191632e+04 1.198213e+04 1.205687e+04
9.5 1.200544e+04 1.191454e+04 1.198123e+04 1.207213e+04
10.5 1.199762e+04 1.191858e+04 1.198061e+04 1.205964e+04
11.5 1.199211e+04 1.193458e+04 1.197724e+04 1.203477e+04
12.5 1.204012e+04 1.193854e+04 1.196642e+04 1.206801e+04
13.5 1.201953e+04 1.191896e+04 1.195528e+04 1.205585e+04
14.5 1.195541e+04 1.189579e+04 1.194891e+04 1.200852e+04
15.5 1.190833e+04 1.188148e+04 1.194660e+04 1.197345e+04
16.5 1.188532e+04 1.187529e+04 1.194652e+04 1.195656e+04
17.5 1.186806e+04 1.187390e+04 1.194740e+04 1.194155e+04
18.5 1.192283e+04 1.187490e+04 1.194849e+04 1.199641e+04
19.5 1.205526e+04 1.187669e+04 1.194939e+04 1.212796e+04
20.5 1.210772e+04 1.187935e+04 1.195000e+04 1.217837e+04
21.5 1.209483e+04 1.191145e+04 1.195036e+04 1.213374e+04
22.5 1.209913e+04 1.201342e+04 1.195054e+04 1.203625e+04
23.5 1.210779e+04 1.211563e+04 1.195063e+04 1.194279e+04
24.5 1.223136e+04 1.217256e+04 1.195067e+04 1.200948e+04
25.5 1.227978e+04 1.219235e+04 1.195070e+04 1.203813e+04
26.5 1.218120e+04 1.219221e+04 1.195072e+04 1.193971e+04
27.5 1.199891e+04 1.218367e+04 1.195074e+04 1.176598e+04
0.5 1.184741e+04 1.186655e+04 1.195117e+04 1.193203e+04
1.5 1.188548e+04 1.185218e+04 1.195425e+04 1.198755e+04
2.5 1.191680e+04 1.184876e+04 1.196496e+04 1.203300e+04
3.5 1.192620e+04 1.186833e+04 1.197608e+04 1.203395e+04
4.5 1.197296e+04 1.189124e+04 1.198250e+04 1.206421e+04
5.5 1.210242e+04 1.190519e+04 1.198487e+04 1.218211e+04
6.5 1.210801e+04 1.191095e+04 1.198503e+04 1.218209e+04
7.5 1.206663e+04 1.191187e+04 1.198424e+04 1.213900e+04
8.5 1.204282e+04 1.191038e+04 1.198325e+04 1.211569e+04
9.5 1.200622e+04 1.190812e+04 1.198244e+04 1.208054e+04
10.5 1.195766e+04 1.191167e+04 1.198192e+04 1.202791e+04
11.5 1.186770e+04 1.192713e+04 1.197867e+04 1.191923e+04
12.5 1.183404e+04 1.193054e+04 1.196797e+04 1.187147e+04
13.5 1.186802e+04 1.191037e+04 1.195695e+04 1.191460e+04
14.5 1.188658e+04 1.188658e+04 1.195071e+04 1.195071e+04
15.5 1.194947e+04 1.187162e+04 1.194854e+04 1.202639e+04
16.5 1.202077e+04 1.186475e+04 1.194861e+04 1.210463e+04
17.5 1.202567e+04 1.186265e+04 1.194965e+04 1.211266e+04
18.5 1.195656e+04 1.186288e+04 1.195090e+04 1.204458e+04
19.5 1.196197e+04 1.186385e+04 1.195198e+04 1.205011e+04
20.5 1.201546e+04 1.186563e+04 1.195278e+04 1.210261e+04
21.5 1.195968e+04 1.189683e+04 1.195332e+04 1.201618e+04
22.5 1.192667e+04 1.199786e+04 1.195371e+04 1.188252e+04
23.5 1.188627e+04 1.209913e+04 1.195401e+04 1.174115e+04
24.5 1.189591e+04 1.215509e+04 1.195427e+04 1.169509e+04
25.5 1.213827e+04 1.217391e+04 1.195453e+04 1.191889e+04
26.5 1.230513e+04 1.217279e+04 1.195479e+04 1.208712e+04
27.5 1.235277e+04 1.216328e+04 1.195505e+04 1.214455e+04
