0.5 1.177822e+04 1.180333e+04 1.184372e+04 1.181860e+04
1.5 1.183250e+04 1.182097e+04 1.185572e+04 1.186725e+04
2.5 1.186896e+04 1.186842e+04 1.189938e+04 1.189992e+04
3.5 1.192055e+04 1.191322e+04 1.194478e+04 1.195212e+04
4.5 1.195817e+04 1.193681e+04 1.197067e+04 1.199202e+04
5.5 1.204478e+04 1.194427e+04 1.197980e+04 1.208031e+04
6.5 1.210007e+04 1.194341e+04 1.197975e+04 1.213640e+04
7.5 1.200598e+04 1.193920e+04 1.197575e+04 1.204253e+04
8.5 1.189862e+04 1.193449e+04 1.197093e+04 1.193505e+04
9.5 1.185299e+04 1.193068e+04 1.196687e+04 1.188917e+04
10.5 1.191554e+04 1.192713e+04 1.196397e+04 1.195238e+04
11.5 1.196530e+04 1.190987e+04 1.194972e+04 1.200516e+04
12.5 1.193852e+04 1.186246e+04 1.190458e+04 1.198064e+04
13.5 1.185678e+04 1.181746e+04 1.185812e+04 1.189744e+04
14.5 1.180962e+04 1.179354e+04 1.183143e+04 1.184750e+04
15.5 1.181388e+04 1.178571e+04 1.182160e+04 1.184977e+04
16.5 1.175008e+04 1.178620e+04 1.182105e+04 1.178493e+04
17.5 1.167990e+04 1.179005e+04 1.182448e+04 1.171433e+04
18.5 1.166492e+04 1.179443e+04 1.182879e+04 1.169928e+04
19.5 1.167314e+04 1.179788e+04 1.183237e+04 1.170764e+04
20.5 1.175750e+04 1.179567e+04 1.183472e+04 1.179656e+04
21.5 1.186804e+04 1.179477e+04 1.183602e+04 1.190929e+04
22.5 1.191312e+04 1.183214e+04 1.183662e+04 1.191760e+04
23.5 1.194465e+04 1.188966e+04 1.183683e+04 1.189183e+04
24.5 1.196611e+04 1.193208e+04 1.183686e+04 1.187090e+04
25.5 1.199121e+04 1.195209e+04 1.183682e+04 1.187594e+04
26.5 1.203652e+04 1.195722e+04 1.183675e+04 1.191605e+04
27.5 1.202653e+04 1.195491e+04 1.183668e+04 1.190830e+04
0.5 1.183634e+04 1.179831e+04 1.183619e+04 1.187421e+04
1.5 1.178956e+04 1.181631e+04 1.184871e+04 1.182196e+04
2.5 1.180913e+04 1.186410e+04 1.189285e+04 1.183789e+04
3.5 1.192295e+04 1.190923e+04 1.193872e+04 1.195245e+04
4.5 1.199718e+04 1.193312e+04 1.196504e+04 1.202910e+04
5.5 1.197725e+04 1.194086e+04 1.197459e+04 1.201097e+04
6.5 1.191643e+04 1.194026e+04 1.197492e+04 1.195109e+04
7.5 1.192043e+04 1.193628e+04 1.197127e+04 1.195542e+04
8.5 1.198316e+04 1.193178e+04 1.196678e+04 1.201816e+04
9.5 1.197044e+04 1.192817e+04 1.196303e+04 1.200530e+04
10.5 1.189416e+04 1.192480e+04 1.196042e+04 1.192977e+04
11.5 1.182536e+04 1.190771e+04 1.194644e+04 1.186409e+04
12.5 1.188439e+04 1.186046e+04 1.190154e+04 1.192547e+04
13.5 1.198183e+04 1.181561e+04 1.185532e+04 1.202154e+04
14.5 1.192174e+04 1.179183e+04 1.182884e+04 1.195875e+04
15.5 1.180280e+04 1.178413e+04 1.181922e+04 1.183789e+04
16.5 1.174804e+04 1.178474e+04 1.181885e+04 1.178216e+04
17.5 1.175035e+04 1.178871e+04 1.182247e+04 1.178411e+04
18.5 1.171403e+04 1.179320e+04 1.182694e+04 1.174777e+04
19.5 1.167944e+04 1.179676e+04 1.183067e+04 1.171335e+04
20.5 1.164534e+04 1.179466e+04 1.183317e+04 1.168385e+04
21.5 1.168830e+04 1.179387e+04 1.183460e+04 1.172904e+04
22.5 1.179050e+04 1.183134e+04 1.183532e+04 1.179448e+04
23.5 1.187463e+04 1.188894e+04 1.183565e+04 1.182133e+04
24.5 1.192134e+04 1.193144e+04 1.183578e+04 1.182569e+04
25.5 1.194839e+04 1.195153e+04 1.183583e+04 1.183269e+04
26.5 1.196267e+04 1.195672e+04 1.183585e+04 1.184180e+04
27.5 1.197881e+04 1.195447e+04 1.183586e+04 1.186020e+04
0.5 1.182627e+04 1.179818e+04 1.183600e+04 1.186410e+04
1.5 1.188693e+04 1.181620e+04 1.184856e+04 1.191929e+04
2.5 1.195273e+04 1.186402e+04 1.189274e+04 1.198145e+04
3.5 1.202705e+04 1.190916e+04 1.193864e+04 1.205652e+04
4.5 1.216885e+04 1.193308e+04 1.196498e+04 1.220076e+04
5.5 1.216977e+04 1.194083e+04 1.197455e+04 1.220349e+04
6.5 1.213102e+04 1.194025e+04 1.197490e+04 1.216568e+04
7.5 1.195558e+04 1.193628e+04 1.197128e+04 1.199058e+04
8.5 1.183391e+04 1.193179e+04 1.196679e+04 1.186891e+04
9.5 1.180612e+04 1.192819e+04 1.196305e+04 1.184098e+04
10.5 1.173683e+04 1.192482e+04 1.196043e+04 1.177244e+04
11.5 1.165173e+04 1.190772e+04 1.194645e+04 1.169045e+04
12.5 1.169259e+04 1.186046e+04 1.190155e+04 1.173368e+04
13.5 1.169481e+04 1.181561e+04 1.185532e+04 1.173452e+04
14.5 1.167026e+04 1.179183e+04 1.182884e+04 1.170727e+04
15.5 1.172203e+04 1.178413e+04 1.181922e+04 1.175712e+04
16.5 1.173191e+04 1.178474e+04 1.181885e+04 1.176602e+04
17.5 1.166125e+04 1.178871e+04 1.182247e+04 1.169501e+04
18.5 1.162136e+04 1.179320e+04 1.182694e+04 1.165511e+04
19.5 1.164264e+04 1.179676e+04 1.183067e+04 1.167655e+04
20.5 1.167149e+04 1.179466e+04 1.183317e+04 1.171000e+04
21.5 1.167133e+04 1.179387e+04 1.183460e+04 1.171207e+04
22.5 1.165894e+04 1.183134e+04 1.183532e+04 1.166292e+04
23.5 1.166786e+04 1.188894e+04 1.183565e+04 1.161456e+04
24.5 1.174959e+04 1.193144e+04 1.183578e+04 1.165393e+04
25.5 1.186408e+04 1.195152e+04 1.183583e+04 1.174839e+04
26.5 1.192837e+04 1.195670e+04 1.183584e+04 1.180751e+04
27.5 1.197500e+04 1.195444e+04 1.183584e+04 1.185640e+04
0.5 1.197818e+04 1.179833e+04 1.183576e+04 1.201560e+04
1.5 1.196434e+04 1.181635e+04 1.184828e+04 1.199626e+04
2.5 1.193601e+04 1.186418e+04 1.189242e+04 1.196426e+04
3.5 1.189568e+04 1.190932e+04 1.193828e+04 1.192463e+04
4.5 1.197544e+04 1.193324e+04 1.196458e+04 1.200677e+04
5.5 1.198898e+04 1.194100e+04 1.197410e+04 1.202207e+04
6.5 1.192169e+04 1.194043e+04 1.197439e+04 1.195565e+04
7.5 1.183405e+04 1.193649e+04 1.197072e+04 1.186828e+04
8.5 1.183252e+04 1.193203e+04 1.196618e+04 1.186667e+04
9.5 1.186990e+04 1.192846e+04 1.196239e+04 1.190383e+04
10.5 1.191603e+04 1.192513e+04 1.195973e+04 1.195063e+04
11.5 1.193788e+04 1.190809e+04 1.194570e+04 1.197548e+04
12.5 1.200231e+04 1.186089e+04 1.190074e+04 1.204217e+04
13.5 1.198554e+04 1.181609e+04 1.185446e+04 1.202391e+04
14.5 1.188788e+04 1.179238e+04 1.182791e+04 1.192342e+04
15.5 1.180038e+04 1.178475e+04 1.181822e+04 1.183386e+04
16.5 1.170760e+04 1.178543e+04 1.181778e+04 1.173995e+04
17.5 1.165409e+04 1.178947e+04 1.182130e+04 1.168592e+04
18.5 1.170224e+04 1.179403e+04 1.182567e+04 1.173388e+04
19.5 1.170447e+04 1.179766e+04 1.182928e+04 1.173609e+04
20.5 1.176371e+04 1.179563e+04 1.183165e+04 1.179973e+04
21.5 1.180935e+04 1.179491e+04 1.183293e+04 1.184737e+04
22.5 1.183812e+04 1.183247e+04 1.183350e+04 1.183916e+04
23.5 1.184595e+04 1.189016e+04 1.183366e+04 1.178945e+04
24.5 1.188675e+04 1.193275e+04 1.183362e+04 1.178762e+04
25.5 1.201546e+04 1.195295e+04 1.183349e+04 1.189600e+04
26.5 1.207459e+04 1.195826e+04 1.183330e+04 1.194963e+04
27.5 1.207053e+04 1.195613e+04 1.183309e+04 1.194748e+04
0.5 1.188030e+04 1.180344e+04 1.182876e+04 1.190562e+04
1.5 1.185483e+04 1.182186e+04 1.184081e+04 1.187379e+04
2.5 1.184052e+04 1.187009e+04 1.188447e+04 1.185491e+04
3.5 1.180323e+04 1.191568e+04 1.192982e+04 1.181737e+04
4.5 1.181999e+04 1.194007e+04 1.195561e+04 1.183554e+04
5.5 1.200178e+04 1.194833e+04 1.196461e+04 1.201806e+04
6.5 1.211839e+04 1.194830e+04 1.196438e+04 1.213447e+04
7.5 1.210891e+04 1.194494e+04 1.196018e+04 1.212415e+04
8.5 1.200676e+04 1.194113e+04 1.195514e+04 1.202077e+04
9.5 1.188576e+04 1.193828e+04 1.195087e+04 1.189836e+04
10.5 1.177946e+04 1.193573e+04 1.194775e+04 1.179148e+04
11.5 1.173391e+04 1.191951e+04 1.193327e+04 1.174767e+04
12.5 1.171641e+04 1.187318e+04 1.188789e+04 1.173111e+04
13.5 1.175969e+04 1.182931e+04 1.184118e+04 1.177157e+04
14.5 1.177013e+04 1.180657e+04 1.181423e+04 1.177779e+04
15.5 1.177158e+04 1.179996e+04 1.180416e+04 1.177577e+04
16.5 1.183964e+04 1.180172e+04 1.180335e+04 1.184126e+04
17.5 1.190511e+04 1.180691e+04 1.180654e+04 1.190474e+04
18.5 1.192153e+04 1.181263e+04 1.181061e+04 1.191951e+04
