0.5 1.128982e+04 1.129120e+04 1.134112e+04 1.133973e+04
1.5 1.132647e+04 1.129493e+04 1.134210e+04 1.137364e+04
2.5 1.131273e+04 1.129832e+04 1.134284e+04 1.135725e+04
3.5 1.131934e+04 1.130001e+04 1.134244e+04 1.136178e+04
4.5 1.130415e+04 1.130037e+04 1.134163e+04 1.134541e+04
5.5 1.136404e+04 1.130032e+04 1.134105e+04 1.140477e+04
6.5 1.138948e+04 1.130021e+04 1.134076e+04 1.143003e+04
7.5 1.129895e+04 1.130013e+04 1.134065e+04 1.133947e+04
8.5 1.123694e+04 1.130012e+04 1.134065e+04 1.127747e+04
9.5 1.122410e+04 1.130017e+04 1.134070e+04 1.126463e+04
10.5 1.129036e+04 1.129997e+04 1.134047e+04 1.133086e+04
11.5 1.133808e+04 1.129870e+04 1.133953e+04 1.137891e+04
12.5 1.130853e+04 1.129672e+04 1.133881e+04 1.135063e+04
13.5 1.128238e+04 1.129581e+04 1.133923e+04 1.132580e+04
14.5 1.131345e+04 1.129591e+04 1.134005e+04 1.135759e+04
15.5 1.134377e+04 1.129627e+04 1.134063e+04 1.138813e+04
16.5 1.130167e+04 1.129663e+04 1.134093e+04 1.134597e+04
17.5 1.126143e+04 1.129691e+04 1.134104e+04 1.130555e+04
18.5 1.125706e+04 1.129711e+04 1.134104e+04 1.130099e+04
19.5 1.127289e+04 1.129723e+04 1.134100e+04 1.131666e+04
20.5 1.133271e+04 1.129559e+04 1.134095e+04 1.137806e+04
21.5 1.140348e+04 1.130609e+04 1.134091e+04 1.143830e+04
22.5 1.142101e+04 1.136089e+04 1.134088e+04 1.140100e+04
23.5 1.145925e+04 1.142556e+04 1.134087e+04 1.137456e+04
24.5 1.149577e+04 1.146654e+04 1.134086e+04 1.137010e+04
25.5 1.152014e+04 1.148333e+04 1.134086e+04 1.137767e+04
26.5 1.153993e+04 1.148577e+04 1.134086e+04 1.139502e+04
27.5 1.152691e+04 1.148161e+04 1.134086e+04 1.138616e+04
0.5 1.129771e+04 1.129388e+04 1.134114e+04 1.134498e+04
1.5 1.125989e+04 1.129745e+04 1.134213e+04 1.130456e+04
2.5 1.129230e+04 1.130068e+04 1.134286e+04 1.133448e+04
3.5 1.134892e+04 1.130221e+04 1.134246e+04 1.138917e+04
4.5 1.136354e+04 1.130243e+04 1.134165e+04 1.140276e+04
5.5 1.128604e+04 1.130224e+04 1.134107e+04 1.132487e+04
6.5 1.121323e+04 1.130199e+04 1.134078e+04 1.125202e+04
7.5 1.123005e+04 1.130178e+04 1.134067e+04 1.126894e+04
8.5 1.130521e+04 1.130165e+04 1.134067e+04 1.134423e+04
9.5 1.127994e+04 1.130158e+04 1.134071e+04 1.131907e+04
10.5 1.122963e+04 1.130127e+04 1.134048e+04 1.126884e+04
11.5 1.120809e+04 1.129990e+04 1.133954e+04 1.124773e+04
12.5 1.132883e+04 1.129781e+04 1.133883e+04 1.136984e+04
13.5 1.143711e+04 1.129682e+04 1.133924e+04 1.147953e+04
14.5 1.139507e+04 1.129683e+04 1.134006e+04 1.143830e+04
15.5 1.131707e+04 1.129712e+04 1.134064e+04 1.136059e+04
16.5 1.128757e+04 1.129740e+04 1.134094e+04 1.133111e+04
17.5 1.128503e+04 1.129762e+04 1.134105e+04 1.132846e+04
18.5 1.125184e+04 1.129777e+04 1.134105e+04 1.129512e+04
19.5 1.122489e+04 1.129785e+04 1.134100e+04 1.126804e+04
20.5 1.121614e+04 1.129618e+04 1.134095e+04 1.126091e+04
21.5 1.126466e+04 1.130665e+04 1.134091e+04 1.129892e+04
22.5 1.137408e+04 1.136142e+04 1.134089e+04 1.135354e+04
23.5 1.144240e+04 1.142607e+04 1.134087e+04 1.135720e+04
24.5 1.147358e+04 1.146702e+04 1.134087e+04 1.134742e+04
25.5 1.149336e+04 1.148379e+04 1.134087e+04 1.135043e+04
26.5 1.150560e+04 1.148621e+04 1.134086e+04 1.136026e+04
27.5 1.150803e+04 1.148203e+04 1.134086e+04 1.136687e+04
0.5 1.132534e+04 1.129393e+04 1.134115e+04 1.137256e+04
1.5 1.137583e+04 1.129748e+04 1.134213e+04 1.142047e+04
2.5 1.140442e+04 1.130070e+04 1.134287e+04 1.144658e+04
3.5 1.141275e+04 1.130223e+04 1.134246e+04 1.145299e+04
4.5 1.149408e+04 1.130244e+04 1.134165e+04 1.153329e+04
5.5 1.145745e+04 1.130224e+04 1.134107e+04 1.149628e+04
6.5 1.139525e+04 1.130199e+04 1.134078e+04 1.143404e+04
7.5 1.123491e+04 1.130178e+04 1.134067e+04 1.127380e+04
8.5 1.114158e+04 1.130165e+04 1.134067e+04 1.118060e+04
9.5 1.114314e+04 1.130158e+04 1.134071e+04 1.118227e+04
10.5 1.114418e+04 1.130127e+04 1.134048e+04 1.118339e+04
11.5 1.114650e+04 1.129990e+04 1.133954e+04 1.118614e+04
12.5 1.123141e+04 1.129781e+04 1.133883e+04 1.127242e+04
13.5 1.125728e+04 1.129682e+04 1.133924e+04 1.129970e+04
14.5 1.125807e+04 1.129683e+04 1.134006e+04 1.130130e+04
15.5 1.129871e+04 1.129712e+04 1.134064e+04 1.134223e+04
16.5 1.128763e+04 1.129740e+04 1.134094e+04 1.133117e+04
17.5 1.121611e+04 1.129762e+04 1.134105e+04 1.125954e+04
18.5 1.119030e+04 1.129777e+04 1.134105e+04 1.123358e+04
19.5 1.121984e+04 1.129785e+04 1.134100e+04 1.126300e+04
20.5 1.124326e+04 1.129618e+04 1.134095e+04 1.128804e+04
21.5 1.124127e+04 1.130665e+04 1.134091e+04 1.127553e+04
22.5 1.122549e+04 1.136142e+04 1.134089e+04 1.120495e+04
23.5 1.123884e+04 1.142607e+04 1.134087e+04 1.115364e+04
24.5 1.130867e+04 1.146702e+04 1.134087e+04 1.118251e+04
25.5 1.140683e+04 1.148378e+04 1.134086e+04 1.126391e+04
26.5 1.145448e+04 1.148620e+04 1.134086e+04 1.130915e+04
27.5 1.149313e+04 1.148202e+04 1.134086e+04 1.135198e+04
0.5 1.141364e+04 1.129443e+04 1.134114e+04 1.146035e+04
1.5 1.136173e+04 1.129803e+04 1.134213e+04 1.140582e+04
2.5 1.130145e+04 1.130130e+04 1.134286e+04 1.134301e+04
3.5 1.127892e+04 1.130289e+04 1.134246e+04 1.131850e+04
4.5 1.135232e+04 1.130317e+04 1.134165e+04 1.139081e+04
5.5 1.132960e+04 1.130304e+04 1.134107e+04 1.136763e+04
6.5 1.130019e+04 1.130287e+04 1.134077e+04 1.133810e+04
7.5 1.126711e+04 1.130275e+04 1.134067e+04 1.130503e+04
8.5 1.133644e+04 1.130271e+04 1.134066e+04 1.137439e+04
9.5 1.137201e+04 1.130274e+04 1.134071e+04 1.140998e+04
10.5 1.141278e+04 1.130255e+04 1.134048e+04 1.145071e+04
11.5 1.143957e+04 1.130131e+04 1.133954e+04 1.147780e+04
12.5 1.146952e+04 1.129936e+04 1.133882e+04 1.150899e+04
13.5 1.142974e+04 1.129851e+04 1.133924e+04 1.147047e+04
14.5 1.132389e+04 1.129868e+04 1.134006e+04 1.136526e+04
15.5 1.127069e+04 1.129915e+04 1.134064e+04 1.131219e+04
16.5 1.119951e+04 1.129962e+04 1.134093e+04 1.124083e+04
17.5 1.118088e+04 1.130005e+04 1.134104e+04 1.122187e+04
18.5 1.123455e+04 1.130042e+04 1.134104e+04 1.127517e+04
19.5 1.124921e+04 1.130073e+04 1.134100e+04 1.128949e+04
20.5 1.130427e+04 1.129931e+04 1.134095e+04 1.134591e+04
21.5 1.134440e+04 1.131005e+04 1.134091e+04 1.137526e+04
22.5 1.136388e+04 1.136512e+04 1.134088e+04 1.133964e+04
23.5 1.137402e+04 1.143008e+04 1.134087e+04 1.128481e+04
24.5 1.140791e+04 1.147138e+04 1.134086e+04 1.127739e+04
25.5 1.150939e+04 1.148851e+04 1.134086e+04 1.136173e+04
26.5 1.154737e+04 1.149133e+04 1.134085e+04 1.139690e+04
27.5 1.154025e+04 1.148759e+04 1.134085e+04 1.139351e+04
0.5 1.135391e+04 1.130951e+04 1.134112e+04 1.138553e+04
1.5 1.132016e+04 1.131416e+04 1.134211e+04 1.134810e+04
2.5 1.131339e+04 1.131854e+04 1.134284e+04 1.133769e+04
3.5 1.129755e+04 1.132128e+04 1.134244e+04 1.131871e+04
4.5 1.133350e+04 1.132277e+04 1.134163e+04 1.135236e+04
5.5 1.146276e+04 1.132390e+04 1.134105e+04 1.147991e+04
6.5 1.148922e+04 1.132504e+04 1.134075e+04 1.150494e+04
7.5 1.139719e+04 1.132628e+04 1.134065e+04 1.141156e+04
8.5 1.128551e+04 1.132765e+04 1.134064e+04 1.129851e+04
9.5 1.120521e+04 1.132914e+04 1.134069e+04 1.121675e+04
10.5 1.116866e+04 1.133046e+04 1.134046e+04 1.117866e+04
11.5 1.119309e+04 1.133077e+04 1.133952e+04 1.120185e+04
12.5 1.123272e+04 1.133042e+04 1.133880e+04 1.124111e+04
13.5 1.130608e+04 1.133121e+04 1.133922e+04 1.131410e+04
14.5 1.132802e+04 1.133306e+04 1.134004e+04 1.133500e+04
15.5 1.132975e+04 1.133525e+04 1.134062e+04 1.133513e+04
16.5 1.139243e+04 1.133748e+04 1.134092e+04 1.139587e+04
17.5 1.144506e+04 1.133968e+04 1.134103e+04 1.144640e+04
18.5 1.144298e+04 1.134179e+04 1.134103e+04 1.144222e+04
