1.170282e+04 1.151711e+04 1.152723e+04 1.169270e+04
1.165745e+04 1.150865e+04 1.151484e+04 1.165127e+04
1.173297e+04 1.150014e+04 1.150226e+04 1.173085e+04
1.167628e+04 1.149161e+04 1.148970e+04 1.167819e+04
1.156685e+04 1.148308e+04 1.147718e+04 1.157274e+04
1.146375e+04 1.147457e+04 1.146475e+04 1.147357e+04
1.144188e+04 1.146605e+04 1.145236e+04 1.145557e+04
1.128113e+04 1.145738e+04 1.143981e+04 1.129870e+04
1.117646e+04 1.144862e+04 1.142715e+04 1.119793e+04
1.114117e+04 1.143989e+04 1.141432e+04 1.116675e+04
1.120387e+04 1.143128e+04 1.137263e+04 1.126252e+04
1.139521e+04 1.142064e+04 1.126059e+04 1.155527e+04
1.152023e+04 1.140459e+04 1.118174e+04 1.174309e+04
1.152637e+04 1.138844e+04 1.122329e+04 1.169152e+04
1.143584e+04 1.137598e+04 1.130359e+04 1.150824e+04
1.139521e+04 1.136672e+04 1.135590e+04 1.140603e+04
1.135883e+04 1.135932e+04 1.137630e+04 1.134185e+04
1.134019e+04 1.135284e+04 1.137648e+04 1.131655e+04
1.122869e+04 1.134675e+04 1.136579e+04 1.120965e+04
1.109312e+04 1.134075e+04 1.135101e+04 1.108286e+04
1.101786e+04 1.133478e+04 1.136521e+04 1.098742e+04
1.111847e+04 1.133108e+04 1.145191e+04 1.099764e+04
1.123570e+04 1.133310e+04 1.150783e+04 1.106097e+04
1.121599e+04 1.133561e+04 1.144534e+04 1.110626e+04
1.110833e+04 1.133485e+04 1.134555e+04 1.109764e+04
1.120895e+04 1.133134e+04 1.127480e+04 1.126549e+04
1.129208e+04 1.132643e+04 1.123681e+04 1.138170e+04
1.130502e+04 1.132105e+04 1.121976e+04 1.140631e+04
1.120340e+04 1.131576e+04 1.121431e+04 1.130485e+04
1.113954e+04 1.131084e+04 1.121381e+04 1.123656e+04
1.122293e+04 1.130705e+04 1.120527e+04 1.132471e+04
1.146494e+04 1.139181e+04 1.129542e+04 1.156133e+04
1.182350e+04 1.170095e+04 1.170950e+04 1.181494e+04
1.209060e+04 1.202253e+04 1.218005e+04 1.193308e+04
1.243348e+04 1.220586e+04 1.246874e+04 1.217060e+04
1.288432e+04 1.227055e+04 1.258105e+04 1.257382e+04
1.314148e+04 1.227014e+04 1.259101e+04 1.282062e+04
1.296933e+04 1.224181e+04 1.255480e+04 1.265634e+04
1.278594e+04 1.220760e+04 1.250655e+04 1.248699e+04
1.266292e+04 1.217887e+04 1.246446e+04 1.237733e+04
1.277103e+04 1.215831e+04 1.244347e+04 1.248587e+04
1.303572e+04 1.205736e+04 1.233395e+04 1.275913e+04
1.277758e+04 1.173751e+04 1.190687e+04 1.260822e+04
1.202510e+04 1.140841e+04 1.142682e+04 1.200669e+04
1.109577e+04 1.121927e+04 1.113047e+04 1.118456e+04
1.078600e+04 1.114967e+04 1.101150e+04 1.092417e+04
1.060918e+04 1.114571e+04 1.099550e+04 1.075939e+04
1.028545e+04 1.117005e+04 1.102616e+04 1.042934e+04
1.013658e+04 1.120058e+04 1.106928e+04 1.026788e+04
1.024009e+04 1.122590e+04 1.110644e+04 1.035956e+04
1.064714e+04 1.124256e+04 1.110257e+04 1.078713e+04
1.102021e+04 1.124950e+04 1.101702e+04 1.125269e+04
1.093988e+04 1.124588e+04 1.095683e+04 1.122894e+04
1.075755e+04 1.123924e+04 1.101246e+04 1.098434e+04
1.071233e+04 1.123479e+04 1.110443e+04 1.084268e+04
1.100919e+04 1.123278e+04 1.116723e+04 1.107474e+04
1.146153e+04 1.123223e+04 1.119750e+04 1.149625e+04
1.141310e+04 1.123234e+04 1.120716e+04 1.143828e+04
1.105775e+04 1.123261e+04 1.120558e+04 1.108478e+04
1.095695e+04 1.123279e+04 1.119958e+04 1.099015e+04
1.117877e+04 1.123280e+04 1.122225e+04 1.118932e+04
1.124973e+04 1.123487e+04 1.131710e+04 1.116751e+04
1.145046e+04 1.124247e+04 1.138087e+04 1.131205e+04
1.159704e+04 1.125033e+04 1.132592e+04 1.152145e+04
1.129365e+04 1.125472e+04 1.123337e+04 1.131500e+04
1.103577e+04 1.125614e+04 1.116955e+04 1.112236e+04
1.092855e+04 1.125595e+04 1.113816e+04 1.104634e+04
1.107926e+04 1.125508e+04 1.112741e+04 1.120693e+04
1.110694e+04 1.125408e+04 1.112797e+04 1.123304e+04
1.132583e+04 1.125324e+04 1.113320e+04 1.144588e+04
1.136427e+04 1.125334e+04 1.113011e+04 1.148751e+04
1.122535e+04 1.134178e+04 1.122543e+04 1.134170e+04
1.121219e+04 1.165441e+04 1.164441e+04 1.122219e+04
1.178139e+04 1.197929e+04 1.211958e+04 1.164109e+04
1.224672e+04 1.216572e+04 1.241263e+04 1.199982e+04
1.270612e+04 1.223335e+04 1.252906e+04 1.241041e+04
1.279215e+04 1.223566e+04 1.254284e+04 1.248497e+04
1.284751e+04 1.220986e+04 1.251018e+04 1.254719e+04
1.309700e+04 1.217800e+04 1.246521e+04 1.280979e+04
1.314634e+04 1.215146e+04 1.242618e+04 1.287162e+04
1.303322e+04 1.213295e+04 1.240804e+04 1.275812e+04
1.268962e+04 1.203390e+04 1.230119e+04 1.242233e+04
1.241891e+04 1.171584e+04 1.187660e+04 1.225816e+04
1.228423e+04 1.138841e+04 1.139888e+04 1.227376e+04
1.173277e+04 1.120082e+04 1.110470e+04 1.182889e+04
1.102317e+04 1.113267e+04 1.098774e+04 1.116810e+04
1.051837e+04 1.113006e+04 1.097362e+04 1.067480e+04
1.059046e+04 1.115566e+04 1.100602e+04 1.074010e+04
1.039589e+04 1.118738e+04 1.105076e+04 1.053250e+04
1.027430e+04 1.121379e+04 1.108944e+04 1.039865e+04
1.012527e+04 1.123147e+04 1.108700e+04 1.026974e+04
1.023304e+04 1.123936e+04 1.100278e+04 1.046962e+04
1.053347e+04 1.123661e+04 1.094382e+04 1.082626e+04
1.078722e+04 1.123077e+04 1.100059e+04 1.101741e+04
1.080637e+04 1.122705e+04 1.109361e+04 1.093981e+04
1.097506e+04 1.122572e+04 1.115737e+04 1.104341e+04
1.113350e+04 1.122580e+04 1.118853e+04 1.117076e+04
1.125579e+04 1.122649e+04 1.119903e+04 1.128324e+04
1.152807e+04 1.122729e+04 1.119822e+04 1.155714e+04
1.149651e+04 1.122795e+04 1.119292e+04 1.153154e+04
1.122225e+04 1.122841e+04 1.121621e+04 1.123445e+04
1.122936e+04 1.123089e+04 1.131162e+04 1.114864e+04
1.140776e+04 1.123886e+04 1.137590e+04 1.127073e+04
1.152979e+04 1.124706e+04 1.132141e+04 1.145545e+04
1.174249e+04 1.125176e+04 1.122928e+04 1.176497e+04
1.192023e+04 1.125346e+04 1.116584e+04 1.200785e+04
1.194987e+04 1.125353e+04 1.113480e+04 1.206860e+04
1.187235e+04 1.125290e+04 1.112437e+04 1.200088e+04
1.160851e+04 1.125217e+04 1.112529e+04 1.173539e+04
1.141740e+04 1.125163e+04 1.113092e+04 1.153810e+04
1.135892e+04 1.125202e+04 1.112824e+04 1.148270e+04
1.140457e+04 1.134073e+04 1.122394e+04 1.152136e+04
1.175370e+04 1.165360e+04 1.164326e+04 1.176403e+04
1.222582e+04 1.197869e+04 1.211873e+04 1.208578e+04
1.276407e+04 1.216531e+04 1.241204e+04 1.251735e+04
1.295848e+04 1.223309e+04 1.252868e+04 1.266289e+04
1.321935e+04 1.223557e+04 1.254269e+04 1.291224e+04
1.299353e+04 1.220990e+04 1.251022e+04 1.269321e+04
1.292949e+04 1.217812e+04 1.246536e+04 1.264225e+04
1.269426e+04 1.215158e+04 1.242636e+04 1.241949e+04
1.232017e+04 1.213305e+04 1.240820e+04 1.204502e+04
1.144085e+04 1.203397e+04 1.230130e+04 1.117352e+04
1.076747e+04 1.171589e+04 1.187667e+04 1.060669e+04
1.038164e+04 1.138843e+04 1.139892e+04 1.037116e+04
1.023988e+04 1.120083e+04 1.110472e+04 1.033599e+04
1.047448e+04 1.113268e+04 1.098775e+04 1.061941e+04
1.041713e+04 1.113006e+04 1.097363e+04 1.057356e+04
1.014123e+04 1.115566e+04 1.100602e+04 1.029088e+04
1.014946e+04 1.118738e+04 1.105076e+04 1.028608e+04
1.042229e+04 1.121379e+04 1.108944e+04 1.054664e+04
1.041698e+04 1.123147e+04 1.108700e+04 1.056145e+04
1.040859e+04 1.123936e+04 1.100278e+04 1.064517e+04
1.029604e+04 1.123661e+04 1.094382e+04 1.058883e+04
1.040730e+04 1.123077e+04 1.100059e+04 1.063748e+04
1.073108e+04 1.122705e+04 1.109363e+04 1.086450e+04
1.094498e+04 1.122568e+04 1.115734e+04 1.101332e+04
1.097097e+04 1.122571e+04 1.118842e+04 1.100826e+04
1.113016e+04 1.122635e+04 1.119881e+04 1.115770e+04
1.145318e+04 1.122709e+04 1.119789e+04 1.148238e+04
1.154965e+04 1.122769e+04 1.119248e+04 1.158486e+04
1.152539e+04 1.122807e+04 1.121566e+04 1.153781e+04
1.152991e+04 1.123047e+04 1.131094e+04 1.144943e+04
1.174147e+04 1.123834e+04 1.137509e+04 1.160472e+04
1.166121e+04 1.124643e+04 1.132046e+04 1.158718e+04
1.145632e+04 1.125101e+04 1.122816e+04 1.147917e+04
1.135189e+04 1.125258e+04 1.116455e+04 1.143993e+04
1.125743e+04 1.125250e+04 1.113332e+04 1.137661e+04
1.110377e+04 1.125171e+04 1.112270e+04 1.123277e+04
1.117601e+04 1.125080e+04 1.112340e+04 1.130341e+04
1.165262e+04 1.125005e+04 1.112876e+04 1.177392e+04
1.193581e+04 1.125022e+04 1.112576e+04 1.206026e+04
1.198397e+04 1.133868e+04 1.122112e+04 1.210153e+04
1.214989e+04 1.165126e+04 1.164004e+04 1.216111e+04
1.219630e+04 1.197604e+04 1.211508e+04 1.205726e+04
1.262014e+04 1.216233e+04 1.240792e+04 1.237455e+04
1.286363e+04 1.222973e+04 1.252404e+04 1.256933e+04
1.274484e+04 1.223182e+04 1.253749e+04 1.243917e+04
1.197024e+04 1.220578e+04 1.250450e+04 1.167152e+04
1.120715e+04 1.217364e+04 1.245915e+04 1.092164e+04
1.103578e+04 1.214678e+04 1.241968e+04 1.076287e+04
1.119639e+04 1.212790e+04 1.240105e+04 1.092324e+04
1.141113e+04 1.202846e+04 1.229365e+04 1.114594e+04
1.162229e+04 1.170997e+04 1.186847e+04 1.146379e+04
1.160172e+04 1.138208e+04 1.139012e+04 1.159368e+04
1.148172e+04 1.119400e+04 1.109527e+04 1.158046e+04
1.134858e+04 1.112533e+04 1.097760e+04 1.149631e+04
1.113950e+04 1.112214e+04 1.096270e+04 1.129894e+04
1.078149e+04 1.114708e+04 1.099419e+04 1.093438e+04
1.087656e+04 1.117800e+04 1.103788e+04 1.101669e+04
1.084647e+04 1.120354e+04 1.107537e+04 1.097464e+04
1.096507e+04 1.122025e+04 1.107160e+04 1.111372e+04
1.100480e+04 1.122710e+04 1.098596e+04 1.124593e+04
1.112630e+04 1.122322e+04 1.092546e+04 1.142407e+04
1.115137e+04 1.121618e+04 1.098057e+04 1.138698e+04
1.120440e+04 1.121117e+04 1.107182e+04 1.134375e+04
1.178259e+04 1.120845e+04 1.113367e+04 1.185737e+04
1.192118e+04 1.120703e+04 1.116277e+04 1.196545e+04
1.181911e+04 1.120612e+04 1.117102e+04 1.185420e+04
1.186114e+04 1.120521e+04 1.116782e+04 1.189852e+04
1.177675e+04 1.120404e+04 1.115998e+04 1.182081e+04
1.155716e+04 1.120254e+04 1.118059e+04 1.157910e+04
1.130951e+04 1.120293e+04 1.127316e+04 1.123928e+04
1.111558e+04 1.120868e+04 1.133444e+04 1.098982e+04
1.113983e+04 1.121454e+04 1.127677e+04 1.107760e+04
1.109780e+04 1.121675e+04 1.118128e+04 1.113327e+04
1.138021e+04 1.121584e+04 1.111431e+04 1.148173e+04
1.165017e+04 1.121314e+04 1.107957e+04 1.178375e+04
1.171334e+04 1.120960e+04 1.106525e+04 1.185769e+04
1.151007e+04 1.120573e+04 1.106199e+04 1.165382e+04
1.151155e+04 1.120181e+04 1.106309e+04 1.165028e+04
1.162115e+04 1.119863e+04 1.105560e+04 1.176418e+04
1.136286e+04 1.128360e+04 1.114626e+04 1.150020e+04
1.124548e+04 1.159259e+04 1.156035e+04 1.127771e+04
1.115130e+04 1.191367e+04 1.203044e+04 1.103454e+04
1.110716e+04 1.209617e+04 1.231822e+04 1.088512e+04
1.197832e+04 1.215973e+04 1.242921e+04 1.170885e+04
1.251159e+04 1.215791e+04 1.243745e+04 1.223205e+04
1.286669e+04 1.212794e+04 1.239923e+04 1.259540e+04
1.285341e+04 1.209204e+04 1.234887e+04 1.259658e+04
1.282333e+04 1.206158e+04 1.230467e+04 1.258025e+04
1.249444e+04 1.203926e+04 1.228154e+04 1.225216e+04
1.180846e+04 1.193647e+04 1.216981e+04 1.157512e+04
1.095172e+04 1.161472e+04 1.174043e+04 1.082600e+04
1.064980e+04 1.128363e+04 1.125802e+04 1.067541e+04
1.046691e+04 1.109246e+04 1.095926e+04 1.060011e+04
1.042139e+04 1.102082e+04 1.083788e+04 1.060434e+04
1.068968e+04 1.101483e+04 1.081955e+04 1.088496e+04
1.101752e+04 1.103717e+04 1.084804e+04 1.120665e+04
1.114295e+04 1.106577e+04 1.088920e+04 1.131952e+04
1.116157e+04 1.108927e+04 1.092379e+04 1.132704e+04
