1.131509e+04 1.130913e+04 1.129657e+04 1.132765e+04
1.129799e+04 1.130864e+04 1.129580e+04 1.131083e+04
1.131647e+04 1.130822e+04 1.129511e+04 1.132959e+04
1.130252e+04 1.130786e+04 1.129451e+04 1.131587e+04
1.129729e+04 1.130756e+04 1.129399e+04 1.131086e+04
1.126904e+04 1.130731e+04 1.129355e+04 1.128280e+04
1.127081e+04 1.130711e+04 1.129317e+04 1.128474e+04
1.123982e+04 1.130696e+04 1.129287e+04 1.125391e+04
1.123237e+04 1.130685e+04 1.129262e+04 1.124659e+04
1.124231e+04 1.130677e+04 1.129242e+04 1.125666e+04
1.127056e+04 1.130683e+04 1.129057e+04 1.128682e+04
1.132854e+04 1.131881e+04 1.130093e+04 1.134642e+04
1.139622e+04 1.136104e+04 1.135564e+04 1.140163e+04
1.144993e+04 1.140493e+04 1.142026e+04 1.143460e+04
1.148172e+04 1.143017e+04 1.146122e+04 1.145066e+04
1.149760e+04 1.143939e+04 1.147803e+04 1.145896e+04
1.151793e+04 1.143983e+04 1.148052e+04 1.147723e+04
1.154205e+04 1.143650e+04 1.147646e+04 1.150209e+04
1.152865e+04 1.143238e+04 1.147059e+04 1.149044e+04
1.148583e+04 1.142900e+04 1.146547e+04 1.144935e+04
1.144457e+04 1.142670e+04 1.146368e+04 1.140759e+04
1.144305e+04 1.141355e+04 1.145126e+04 1.140533e+04
1.140270e+04 1.137085e+04 1.139560e+04 1.137795e+04
1.132510e+04 1.132688e+04 1.133067e+04 1.132131e+04
1.126164e+04 1.130178e+04 1.128973e+04 1.127368e+04
1.124592e+04 1.129278e+04 1.127311e+04 1.126558e+04
1.126258e+04 1.129262e+04 1.127089e+04 1.128431e+04
1.121590e+04 1.129625e+04 1.127528e+04 1.123688e+04
1.118873e+04 1.130069e+04 1.128151e+04 1.120792e+04
1.124172e+04 1.130441e+04 1.128703e+04 1.125911e+04
1.128982e+04 1.130695e+04 1.129120e+04 1.130556e+04
1.132647e+04 1.130818e+04 1.129493e+04 1.133972e+04
1.131273e+04 1.130806e+04 1.129832e+04 1.132246e+04
1.131934e+04 1.130751e+04 1.130001e+04 1.132685e+04
1.130415e+04 1.130720e+04 1.130037e+04 1.131098e+04
1.136404e+04 1.130716e+04 1.130032e+04 1.137089e+04
1.138948e+04 1.130729e+04 1.130021e+04 1.139657e+04
1.129895e+04 1.130748e+04 1.130013e+04 1.130630e+04
1.123694e+04 1.130768e+04 1.130012e+04 1.124450e+04
1.122410e+04 1.130785e+04 1.130017e+04 1.123179e+04
1.129036e+04 1.130800e+04 1.129997e+04 1.129839e+04
1.133808e+04 1.130838e+04 1.129870e+04 1.134776e+04
1.130853e+04 1.130943e+04 1.129672e+04 1.132124e+04
1.128238e+04 1.131049e+04 1.129581e+04 1.129706e+04
1.131345e+04 1.131113e+04 1.129591e+04 1.132867e+04
1.134377e+04 1.131140e+04 1.129627e+04 1.135890e+04
1.130167e+04 1.131147e+04 1.129663e+04 1.131651e+04
1.126143e+04 1.131144e+04 1.129691e+04 1.127596e+04
1.125706e+04 1.131140e+04 1.129711e+04 1.127135e+04
1.127289e+04 1.131136e+04 1.129723e+04 1.128703e+04
1.133271e+04 1.131145e+04 1.129559e+04 1.134856e+04
1.140348e+04 1.132344e+04 1.130609e+04 1.142084e+04
1.142101e+04 1.136567e+04 1.136089e+04 1.142579e+04
1.145925e+04 1.140954e+04 1.142556e+04 1.144323e+04
1.149577e+04 1.143474e+04 1.146654e+04 1.146398e+04
1.152014e+04 1.144390e+04 1.148333e+04 1.148072e+04
1.153993e+04 1.144426e+04 1.148577e+04 1.149842e+04
1.152691e+04 1.144082e+04 1.148161e+04 1.148612e+04
1.148054e+04 1.143656e+04 1.147560e+04 1.144150e+04
1.145419e+04 1.143301e+04 1.147030e+04 1.141690e+04
1.146278e+04 1.143054e+04 1.146832e+04 1.142500e+04
1.147841e+04 1.141721e+04 1.145571e+04 1.143991e+04
1.144578e+04 1.137433e+04 1.139983e+04 1.142028e+04
1.134461e+04 1.133018e+04 1.133469e+04 1.134010e+04
1.122678e+04 1.130490e+04 1.129354e+04 1.123814e+04
1.117986e+04 1.129573e+04 1.127672e+04 1.119887e+04
1.120171e+04 1.129539e+04 1.127429e+04 1.122281e+04
1.123893e+04 1.129886e+04 1.127847e+04 1.125932e+04
1.128260e+04 1.130315e+04 1.128452e+04 1.130122e+04
1.130677e+04 1.130672e+04 1.128987e+04 1.132362e+04
1.129771e+04 1.130912e+04 1.129388e+04 1.131295e+04
1.125989e+04 1.131022e+04 1.129745e+04 1.127266e+04
1.129230e+04 1.130996e+04 1.130068e+04 1.130158e+04
1.134892e+04 1.130930e+04 1.130221e+04 1.135601e+04
1.136354e+04 1.130886e+04 1.130243e+04 1.136997e+04
1.128604e+04 1.130871e+04 1.130224e+04 1.129251e+04
1.121323e+04 1.130872e+04 1.130199e+04 1.121996e+04
1.123005e+04 1.130881e+04 1.130178e+04 1.123708e+04
1.130521e+04 1.130891e+04 1.130165e+04 1.131247e+04
1.127994e+04 1.130899e+04 1.130158e+04 1.128735e+04
1.122963e+04 1.130904e+04 1.130127e+04 1.123740e+04
1.120809e+04 1.130934e+04 1.129990e+04 1.121753e+04
1.132883e+04 1.131031e+04 1.129781e+04 1.134133e+04
1.143711e+04 1.131131e+04 1.129682e+04 1.145160e+04
1.139507e+04 1.131188e+04 1.129683e+04 1.141011e+04
1.131707e+04 1.131208e+04 1.129712e+04 1.133203e+04
1.128757e+04 1.131209e+04 1.129740e+04 1.130226e+04
1.128503e+04 1.131201e+04 1.129762e+04 1.129942e+04
1.125184e+04 1.131193e+04 1.129777e+04 1.126600e+04
1.122489e+04 1.131186e+04 1.129785e+04 1.123890e+04
1.121614e+04 1.131192e+04 1.129618e+04 1.123188e+04
1.126466e+04 1.132389e+04 1.130665e+04 1.128190e+04
1.137408e+04 1.136610e+04 1.136142e+04 1.137875e+04
1.144240e+04 1.140995e+04 1.142607e+04 1.142628e+04
1.147358e+04 1.143512e+04 1.146702e+04 1.144168e+04
1.149336e+04 1.144427e+04 1.148379e+04 1.145384e+04
1.150560e+04 1.144460e+04 1.148621e+04 1.146399e+04
1.150803e+04 1.144114e+04 1.148203e+04 1.146714e+04
1.153832e+04 1.143685e+04 1.147598e+04 1.149919e+04
1.153709e+04 1.143327e+04 1.147064e+04 1.149972e+04
1.150409e+04 1.143077e+04 1.146862e+04 1.146624e+04
1.146366e+04 1.141741e+04 1.145596e+04 1.142510e+04
1.143043e+04 1.137450e+04 1.140005e+04 1.140488e+04
1.140714e+04 1.133033e+04 1.133488e+04 1.140259e+04
1.140187e+04 1.130502e+04 1.129370e+04 1.141319e+04
1.138714e+04 1.129583e+04 1.127685e+04 1.140612e+04
1.134179e+04 1.129548e+04 1.127439e+04 1.136287e+04
1.131698e+04 1.129893e+04 1.127856e+04 1.133735e+04
1.128274e+04 1.130321e+04 1.128460e+04 1.130135e+04
1.127968e+04 1.130677e+04 1.128993e+04 1.129652e+04
1.132534e+04 1.130916e+04 1.129393e+04 1.134057e+04
1.137583e+04 1.131025e+04 1.129748e+04 1.138859e+04
1.140442e+04 1.130999e+04 1.130070e+04 1.141370e+04
1.141275e+04 1.130931e+04 1.130223e+04 1.141983e+04
1.149408e+04 1.130887e+04 1.130244e+04 1.150051e+04
1.145745e+04 1.130871e+04 1.130224e+04 1.146392e+04
1.139525e+04 1.130872e+04 1.130199e+04 1.140199e+04
1.123491e+04 1.130881e+04 1.130178e+04 1.124194e+04
1.114158e+04 1.130891e+04 1.130165e+04 1.114884e+04
1.114314e+04 1.130899e+04 1.130158e+04 1.115055e+04
1.114418e+04 1.130904e+04 1.130127e+04 1.115196e+04
1.114650e+04 1.130934e+04 1.129990e+04 1.115594e+04
1.123141e+04 1.131031e+04 1.129781e+04 1.124390e+04
1.125728e+04 1.131131e+04 1.129682e+04 1.127177e+04
1.125807e+04 1.131188e+04 1.129683e+04 1.127312e+04
1.129871e+04 1.131208e+04 1.129712e+04 1.131367e+04
1.128763e+04 1.131209e+04 1.129740e+04 1.130232e+04
1.121611e+04 1.131201e+04 1.129762e+04 1.123051e+04
1.119030e+04 1.131193e+04 1.129777e+04 1.120446e+04
1.121984e+04 1.131186e+04 1.129785e+04 1.123386e+04
1.124326e+04 1.131192e+04 1.129618e+04 1.125901e+04
1.124127e+04 1.132389e+04 1.130665e+04 1.125851e+04
1.122549e+04 1.136610e+04 1.136142e+04 1.123016e+04
1.123884e+04 1.140995e+04 1.142607e+04 1.122272e+04
1.130867e+04 1.143512e+04 1.146702e+04 1.127677e+04
1.140683e+04 1.144426e+04 1.148378e+04 1.136730e+04
1.145448e+04 1.144459e+04 1.148620e+04 1.141288e+04
1.149313e+04 1.144113e+04 1.148202e+04 1.145225e+04
1.150910e+04 1.143686e+04 1.147598e+04 1.146997e+04
1.152613e+04 1.143330e+04 1.147067e+04 1.148876e+04
1.151182e+04 1.143082e+04 1.146868e+04 1.147396e+04
1.146073e+04 1.141748e+04 1.145605e+04 1.142215e+04
1.141942e+04 1.137460e+04 1.140018e+04 1.139384e+04
1.133164e+04 1.133046e+04 1.133505e+04 1.132705e+04
1.127167e+04 1.130519e+04 1.129391e+04 1.128294e+04
1.125609e+04 1.129603e+04 1.127711e+04 1.127501e+04
1.125726e+04 1.129572e+04 1.127471e+04 1.127827e+04
1.125189e+04 1.129921e+04 1.127893e+04 1.127216e+04
1.129676e+04 1.130352e+04 1.128501e+04 1.131527e+04
1.139831e+04 1.130711e+04 1.129038e+04 1.141504e+04
1.141364e+04 1.130953e+04 1.129443e+04 1.142874e+04
1.136173e+04 1.131066e+04 1.129803e+04 1.137435e+04
1.130145e+04 1.131043e+04 1.130130e+04 1.131058e+04
1.127892e+04 1.130980e+04 1.130289e+04 1.128584e+04
1.135232e+04 1.130941e+04 1.130317e+04 1.135857e+04
1.132960e+04 1.130931e+04 1.130304e+04 1.133587e+04
1.130019e+04 1.130938e+04 1.130287e+04 1.130671e+04
1.126711e+04 1.130953e+04 1.130275e+04 1.127389e+04
1.133644e+04 1.130970e+04 1.130271e+04 1.134343e+04
1.137201e+04 1.130986e+04 1.130274e+04 1.137913e+04
1.141278e+04 1.131000e+04 1.130255e+04 1.142023e+04
1.143957e+04 1.131039e+04 1.130131e+04 1.144866e+04
1.146952e+04 1.131146e+04 1.129936e+04 1.148163e+04
1.142974e+04 1.131257e+04 1.129851e+04 1.144380e+04
1.132389e+04 1.131326e+04 1.129868e+04 1.133846e+04
1.127069e+04 1.131359e+04 1.129915e+04 1.128514e+04
1.119951e+04 1.131374e+04 1.129962e+04 1.121363e+04
1.118088e+04 1.131382e+04 1.130005e+04 1.119465e+04
1.123455e+04 1.131389e+04 1.130042e+04 1.124802e+04
1.124921e+04 1.131400e+04 1.130073e+04 1.126249e+04
1.130427e+04 1.131425e+04 1.129931e+04 1.131921e+04
1.134440e+04 1.132642e+04 1.131005e+04 1.136077e+04
1.136388e+04 1.136884e+04 1.136512e+04 1.136760e+04
1.137402e+04 1.141293e+04 1.143008e+04 1.135687e+04
1.140791e+04 1.143836e+04 1.147138e+04 1.137489e+04
1.150939e+04 1.144778e+04 1.148851e+04 1.146865e+04
1.154737e+04 1.144841e+04 1.149133e+04 1.150445e+04
1.154025e+04 1.144527e+04 1.148759e+04 1.149793e+04
1.151555e+04 1.144135e+04 1.148203e+04 1.147487e+04
1.150114e+04 1.143817e+04 1.147724e+04 1.146207e+04
1.143898e+04 1.143611e+04 1.147580e+04 1.139928e+04
1.131247e+04 1.142321e+04 1.146378e+04 1.127190e+04
1.124843e+04 1.138081e+04 1.140855e+04 1.122069e+04
1.121298e+04 1.133717e+04 1.134410e+04 1.120604e+04
1.125334e+04 1.131243e+04 1.130369e+04 1.126208e+04
1.131708e+04 1.130384e+04 1.128766e+04 1.133326e+04
1.134278e+04 1.130412e+04 1.128607e+04 1.136083e+04
1.132277e+04 1.130824e+04 1.129115e+04 1.133987e+04
1.128936e+04 1.131322e+04 1.129813e+04 1.130445e+04
1.129390e+04 1.131752e+04 1.130446e+04 1.130695e+04
1.135391e+04 1.132067e+04 1.130951e+04 1.136507e+04
1.132016e+04 1.132258e+04 1.131416e+04 1.132857e+04
1.131339e+04 1.132316e+04 1.131854e+04 1.131801e+04
1.129755e+04 1.132338e+04 1.132128e+04 1.129964e+04
1.133350e+04 1.132387e+04 1.132277e+04 1.133461e+04
1.146276e+04 1.132469e+04 1.132390e+04 1.146356e+04
1.148922e+04 1.132572e+04 1.132504e+04 1.148990e+04
1.139719e+04 1.132686e+04 1.132628e+04 1.139777e+04
1.128551e+04 1.132806e+04 1.132765e+04 1.128592e+04
1.120521e+04 1.132927e+04 1.132914e+04 1.120534e+04
1.116866e+04 1.133051e+04 1.133046e+04 1.116871e+04
1.119309e+04 1.133202e+04 1.133077e+04 1.119435e+04
1.123272e+04 1.133425e+04 1.133042e+04 1.123655e+04
1.130608e+04 1.133654e+04 1.133121e+04 1.131141e+04
1.132802e+04 1.133844e+04 1.133306e+04 1.133340e+04
1.132975e+04 1.134001e+04 1.133525e+04 1.133452e+04
1.139243e+04 1.134142e+04 1.133748e+04 1.139637e+04
1.144506e+04 1.134277e+04 1.133968e+04 1.144814e+04
1.144298e+04 1.134408e+04 1.134179e+04 1.144526e+04
1.141610e+04 1.134538e+04 1.134382e+04 1.141766e+04
