1.281030e+04 1.266133e+04 1.262823e+04 1.284340e+04
1.280474e+04 1.266010e+04 1.262556e+04 1.283928e+04
1.274015e+04 1.265907e+04 1.262314e+04 1.277608e+04
1.265662e+04 1.265822e+04 1.262098e+04 1.269386e+04
1.253748e+04 1.265755e+04 1.261906e+04 1.257596e+04
1.251725e+04 1.265704e+04 1.261738e+04 1.255691e+04
1.254686e+04 1.265667e+04 1.261594e+04 1.258760e+04
1.241472e+04 1.265646e+04 1.261470e+04 1.245648e+04
1.238488e+04 1.265637e+04 1.261361e+04 1.242764e+04
1.251572e+04 1.265641e+04 1.261264e+04 1.255949e+04
1.257981e+04 1.265683e+04 1.260750e+04 1.262913e+04
1.273619e+04 1.269331e+04 1.264144e+04 1.278806e+04
1.290878e+04 1.282130e+04 1.280886e+04 1.292122e+04
1.307576e+04 1.295434e+04 1.300279e+04 1.302730e+04
1.315330e+04 1.303091e+04 1.312391e+04 1.306031e+04
1.322637e+04 1.305903e+04 1.317262e+04 1.311278e+04
1.333775e+04 1.306057e+04 1.317892e+04 1.321940e+04
1.332132e+04 1.305070e+04 1.316596e+04 1.320606e+04
1.332479e+04 1.303844e+04 1.314785e+04 1.321538e+04
1.325106e+04 1.302838e+04 1.313214e+04 1.314730e+04
1.315709e+04 1.302162e+04 1.312571e+04 1.305301e+04
1.314772e+04 1.298199e+04 1.308494e+04 1.304476e+04
1.303546e+04 1.285296e+04 1.291401e+04 1.297441e+04
1.271613e+04 1.272009e+04 1.271850e+04 1.271772e+04
1.242407e+04 1.264428e+04 1.259683e+04 1.247152e+04
1.236157e+04 1.261721e+04 1.254806e+04 1.243072e+04
1.242079e+04 1.261686e+04 1.254197e+04 1.249568e+04
1.222361e+04 1.262798e+04 1.255531e+04 1.229628e+04
1.214934e+04 1.264155e+04 1.257393e+04 1.221696e+04
1.232517e+04 1.265292e+04 1.259016e+04 1.238792e+04
1.240769e+04 1.266068e+04 1.259038e+04 1.247799e+04
1.249154e+04 1.266202e+04 1.256250e+04 1.259106e+04
1.250323e+04 1.265289e+04 1.255307e+04 1.260305e+04
1.260026e+04 1.264215e+04 1.258830e+04 1.265410e+04
1.263908e+04 1.263602e+04 1.263177e+04 1.264333e+04
1.281437e+04 1.263408e+04 1.265920e+04 1.278925e+04
1.285783e+04 1.263447e+04 1.267149e+04 1.282081e+04
1.270136e+04 1.263585e+04 1.267471e+04 1.266250e+04
1.262622e+04 1.263741e+04 1.267334e+04 1.259030e+04
1.258279e+04 1.263876e+04 1.267045e+04 1.255110e+04
1.270304e+04 1.263977e+04 1.267884e+04 1.266398e+04
1.273826e+04 1.264379e+04 1.271159e+04 1.267046e+04
1.271342e+04 1.265599e+04 1.272360e+04 1.264582e+04
1.272511e+04 1.266853e+04 1.268973e+04 1.270391e+04
1.277537e+04 1.267581e+04 1.264706e+04 1.280411e+04
1.280454e+04 1.267859e+04 1.262017e+04 1.286296e+04
1.267497e+04 1.267890e+04 1.260832e+04 1.274555e+04
1.264906e+04 1.267814e+04 1.260548e+04 1.272171e+04
1.258524e+04 1.267714e+04 1.260720e+04 1.265518e+04
1.259494e+04 1.267632e+04 1.261047e+04 1.266079e+04
1.270812e+04 1.267611e+04 1.260924e+04 1.277499e+04
1.284476e+04 1.271214e+04 1.264607e+04 1.291083e+04
1.295301e+04 1.283978e+04 1.281537e+04 1.297743e+04
1.313829e+04 1.297249e+04 1.301043e+04 1.310036e+04
1.327169e+04 1.304872e+04 1.313221e+04 1.318820e+04
1.329402e+04 1.307646e+04 1.318132e+04 1.318915e+04
1.332658e+04 1.307754e+04 1.318782e+04 1.321630e+04
1.327979e+04 1.306715e+04 1.317490e+04 1.317203e+04
1.319797e+04 1.305427e+04 1.315667e+04 1.309557e+04
1.314153e+04 1.304355e+04 1.314074e+04 1.304434e+04
1.323685e+04 1.303610e+04 1.313403e+04 1.313892e+04
1.323865e+04 1.299577e+04 1.309295e+04 1.314147e+04
1.304653e+04 1.286604e+04 1.292167e+04 1.299091e+04
1.270052e+04 1.273248e+04 1.272580e+04 1.270720e+04
1.250904e+04 1.265598e+04 1.260375e+04 1.256127e+04
1.245961e+04 1.262823e+04 1.255460e+04 1.253324e+04
1.238439e+04 1.262722e+04 1.254813e+04 1.246348e+04
1.238230e+04 1.263772e+04 1.256111e+04 1.245891e+04
1.250660e+04 1.265071e+04 1.257941e+04 1.257790e+04
1.252954e+04 1.266153e+04 1.259535e+04 1.259572e+04
1.241946e+04 1.266876e+04 1.259527e+04 1.249295e+04
1.246082e+04 1.266959e+04 1.256711e+04 1.256331e+04
1.261879e+04 1.265997e+04 1.255740e+04 1.272137e+04
1.270285e+04 1.264875e+04 1.259236e+04 1.275925e+04
1.271308e+04 1.264218e+04 1.263555e+04 1.271970e+04
1.260459e+04 1.263981e+04 1.266274e+04 1.258166e+04
1.244435e+04 1.263978e+04 1.267477e+04 1.240936e+04
1.252498e+04 1.264076e+04 1.267774e+04 1.248800e+04
1.264893e+04 1.264196e+04 1.267613e+04 1.261476e+04
1.254496e+04 1.264295e+04 1.267302e+04 1.251489e+04
1.239629e+04 1.264364e+04 1.268119e+04 1.235875e+04
1.249284e+04 1.264736e+04 1.271374e+04 1.242646e+04
1.283651e+04 1.265928e+04 1.272557e+04 1.277022e+04
1.292615e+04 1.267155e+04 1.269153e+04 1.290618e+04
1.289243e+04 1.267858e+04 1.264870e+04 1.292231e+04
1.272899e+04 1.268113e+04 1.262166e+04 1.278846e+04
1.274302e+04 1.268123e+04 1.260967e+04 1.281458e+04
1.274911e+04 1.268027e+04 1.260671e+04 1.282268e+04
1.264860e+04 1.267911e+04 1.260834e+04 1.271937e+04
1.253209e+04 1.267817e+04 1.261155e+04 1.259871e+04
1.254005e+04 1.267785e+04 1.261030e+04 1.260760e+04
1.262403e+04 1.271378e+04 1.264711e+04 1.269070e+04
1.292834e+04 1.284133e+04 1.281638e+04 1.295330e+04
1.304573e+04 1.297396e+04 1.301142e+04 1.300827e+04
1.309459e+04 1.305010e+04 1.313317e+04 1.301151e+04
1.322831e+04 1.307775e+04 1.318226e+04 1.312380e+04
1.313621e+04 1.307876e+04 1.318873e+04 1.302624e+04
1.318124e+04 1.306828e+04 1.317577e+04 1.307375e+04
1.322705e+04 1.305531e+04 1.315747e+04 1.312489e+04
1.324388e+04 1.304448e+04 1.314145e+04 1.314690e+04
1.315849e+04 1.303691e+04 1.313463e+04 1.306078e+04
1.311912e+04 1.299648e+04 1.309345e+04 1.302215e+04
1.303309e+04 1.286665e+04 1.292208e+04 1.297766e+04
1.286488e+04 1.273301e+04 1.272614e+04 1.287175e+04
1.289395e+04 1.265644e+04 1.260402e+04 1.294637e+04
1.282177e+04 1.262862e+04 1.255481e+04 1.289558e+04
1.267317e+04 1.262755e+04 1.254829e+04 1.275243e+04
1.251395e+04 1.263800e+04 1.256123e+04 1.259073e+04
1.251221e+04 1.265094e+04 1.257948e+04 1.258368e+04
1.253154e+04 1.266172e+04 1.259538e+04 1.259789e+04
1.252154e+04 1.266891e+04 1.259528e+04 1.259517e+04
1.260666e+04 1.266971e+04 1.256710e+04 1.270927e+04
1.259888e+04 1.266006e+04 1.255738e+04 1.270156e+04
1.265564e+04 1.264881e+04 1.259233e+04 1.271213e+04
1.282257e+04 1.264221e+04 1.263552e+04 1.282926e+04
1.279149e+04 1.263982e+04 1.266268e+04 1.276862e+04
1.289436e+04 1.263978e+04 1.267473e+04 1.285941e+04
1.267046e+04 1.264076e+04 1.267772e+04 1.263351e+04
1.240631e+04 1.264195e+04 1.267613e+04 1.237213e+04
1.248245e+04 1.264295e+04 1.267303e+04 1.245237e+04
1.241024e+04 1.264364e+04 1.268120e+04 1.237267e+04
1.253372e+04 1.264735e+04 1.271375e+04 1.246732e+04
1.268986e+04 1.265927e+04 1.272557e+04 1.262356e+04
1.268385e+04 1.267155e+04 1.269153e+04 1.266387e+04
1.272219e+04 1.267858e+04 1.264870e+04 1.275206e+04
1.271206e+04 1.268113e+04 1.262166e+04 1.277153e+04
1.272949e+04 1.268123e+04 1.260967e+04 1.280104e+04
1.253516e+04 1.268027e+04 1.260671e+04 1.260873e+04
1.251850e+04 1.267911e+04 1.260834e+04 1.258927e+04
1.256970e+04 1.267817e+04 1.261155e+04 1.263632e+04
1.254304e+04 1.267785e+04 1.261030e+04 1.261059e+04
1.256127e+04 1.271378e+04 1.264711e+04 1.262795e+04
1.245679e+04 1.284133e+04 1.281638e+04 1.248175e+04
1.256990e+04 1.297396e+04 1.301142e+04 1.253243e+04
1.275900e+04 1.305010e+04 1.313318e+04 1.267592e+04
1.295932e+04 1.307774e+04 1.318225e+04 1.285481e+04
1.305932e+04 1.307874e+04 1.318870e+04 1.294936e+04
1.313343e+04 1.306827e+04 1.317574e+04 1.302596e+04
1.322279e+04 1.305533e+04 1.315749e+04 1.312063e+04
1.328720e+04 1.304456e+04 1.314154e+04 1.319021e+04
1.326756e+04 1.303707e+04 1.313481e+04 1.316981e+04
1.306974e+04 1.299671e+04 1.309374e+04 1.297271e+04
1.292229e+04 1.286697e+04 1.292248e+04 1.286678e+04
1.270042e+04 1.273342e+04 1.272666e+04 1.270718e+04
1.253834e+04 1.265695e+04 1.260468e+04 1.259062e+04
1.251665e+04 1.262925e+04 1.255562e+04 1.259028e+04
1.245110e+04 1.262831e+04 1.254926e+04 1.253014e+04
1.242813e+04 1.263887e+04 1.256235e+04 1.250465e+04
1.259951e+04 1.265191e+04 1.258073e+04 1.267070e+04
1.269408e+04 1.266279e+04 1.259676e+04 1.276012e+04
1.275063e+04 1.267009e+04 1.259679e+04 1.282393e+04
1.266462e+04 1.267100e+04 1.256875e+04 1.276687e+04
1.268331e+04 1.266147e+04 1.255918e+04 1.278561e+04
1.267144e+04 1.265037e+04 1.259431e+04 1.272751e+04
1.278896e+04 1.264393e+04 1.263769e+04 1.279520e+04
1.275063e+04 1.264172e+04 1.266507e+04 1.272727e+04
1.263465e+04 1.264187e+04 1.267734e+04 1.259918e+04
1.268855e+04 1.264306e+04 1.268058e+04 1.265103e+04
1.275589e+04 1.264448e+04 1.267926e+04 1.272111e+04
1.286039e+04 1.264572e+04 1.267647e+04 1.282964e+04
1.291692e+04 1.264668e+04 1.268498e+04 1.287861e+04
1.289160e+04 1.265068e+04 1.271791e+04 1.282437e+04
1.291550e+04 1.266292e+04 1.273014e+04 1.284828e+04
1.282658e+04 1.267553e+04 1.269654e+04 1.280558e+04
1.276987e+04 1.268294e+04 1.265419e+04 1.279862e+04
1.271312e+04 1.268590e+04 1.262768e+04 1.277134e+04
1.263733e+04 1.268644e+04 1.261626e+04 1.270750e+04
1.251606e+04 1.268596e+04 1.261392e+04 1.258809e+04
1.263254e+04 1.268531e+04 1.261622e+04 1.270163e+04
1.255537e+04 1.268492e+04 1.262013e+04 1.262016e+04
1.266621e+04 1.268519e+04 1.261963e+04 1.273177e+04
1.275500e+04 1.272176e+04 1.265724e+04 1.281952e+04
1.282203e+04 1.285001e+04 1.282738e+04 1.284465e+04
1.276978e+04 1.298337e+04 1.302335e+04 1.272980e+04
1.285545e+04 1.306032e+04 1.314612e+04 1.276965e+04
1.304889e+04 1.308884e+04 1.319629e+04 1.294144e+04
1.315166e+04 1.309079e+04 1.320394e+04 1.303850e+04
1.326339e+04 1.308135e+04 1.319228e+04 1.315246e+04
1.323285e+04 1.306952e+04 1.317544e+04 1.312693e+04
1.330669e+04 1.305996e+04 1.316102e+04 1.320563e+04
1.315822e+04 1.305377e+04 1.315595e+04 1.305604e+04
1.280957e+04 1.301481e+04 1.311665e+04 1.270773e+04
1.254876e+04 1.288656e+04 1.294729e+04 1.248804e+04
1.251376e+04 1.275459e+04 1.275348e+04 1.251487e+04
1.247354e+04 1.267981e+04 1.263364e+04 1.251971e+04
1.259974e+04 1.265388e+04 1.258684e+04 1.266678e+04
1.266795e+04 1.265481e+04 1.258288e+04 1.273989e+04
1.256617e+04 1.266736e+04 1.259851e+04 1.263503e+04
1.256945e+04 1.268250e+04 1.261957e+04 1.263238e+04
1.251920e+04 1.269559e+04 1.263842e+04 1.257637e+04
1.262395e+04 1.270521e+04 1.264140e+04 1.268775e+04
1.254400e+04 1.270855e+04 1.261645e+04 1.263610e+04
1.259002e+04 1.270158e+04 1.261012e+04 1.268148e+04
1.264457e+04 1.269314e+04 1.264862e+04 1.268908e+04
1.269567e+04 1.268947e+04 1.269554e+04 1.268960e+04
1.291247e+04 1.269015e+04 1.272660e+04 1.287602e+04
1.292633e+04 1.269330e+04 1.274269e+04 1.287694e+04
1.287245e+04 1.269760e+04 1.274987e+04 1.282018e+04
1.278725e+04 1.270223e+04 1.275264e+04 1.273684e+04
1.262458e+04 1.270677e+04 1.275409e+04 1.257727e+04
1.262044e+04 1.271113e+04 1.276700e+04 1.256456e+04
1.266988e+04 1.271862e+04 1.280448e+04 1.258402e+04
1.265678e+04 1.273444e+04 1.282140e+04 1.256982e+04
1.276008e+04 1.275072e+04 1.279263e+04 1.271818e+04
1.273004e+04 1.276187e+04 1.275522e+04 1.273670e+04
1.273333e+04 1.276865e+04 1.273376e+04 1.276822e+04
1.282620e+04 1.277308e+04 1.272750e+04 1.287178e+04
1.286132e+04 1.277651e+04 1.273039e+04 1.290744e+04
1.295214e+04 1.277966e+04 1.273779e+04 1.299401e+04
1.291888e+04 1.278292e+04 1.274558e+04 1.295621e+04
