1.281030e+04 1.262351e+04 1.262823e+04 1.280557e+04
1.280474e+04 1.262131e+04 1.262556e+04 1.280049e+04
1.274015e+04 1.261940e+04 1.262314e+04 1.273641e+04
1.265662e+04 1.261774e+04 1.262098e+04 1.265338e+04
1.253748e+04 1.261634e+04 1.261906e+04 1.253475e+04
1.251725e+04 1.261516e+04 1.261738e+04 1.251503e+04
1.254686e+04 1.261419e+04 1.261594e+04 1.254511e+04
1.241472e+04 1.261342e+04 1.261470e+04 1.241344e+04
1.238488e+04 1.261284e+04 1.261361e+04 1.238410e+04
1.251572e+04 1.261242e+04 1.261264e+04 1.251550e+04
1.257981e+04 1.261256e+04 1.260750e+04 1.258487e+04
1.273619e+04 1.266370e+04 1.264144e+04 1.275845e+04
1.290878e+04 1.284428e+04 1.280886e+04 1.294420e+04
1.307576e+04 1.303200e+04 1.300279e+04 1.310497e+04
1.315330e+04 1.313988e+04 1.312391e+04 1.316928e+04
1.322637e+04 1.317925e+04 1.317262e+04 1.323300e+04
1.333775e+04 1.318103e+04 1.317892e+04 1.333986e+04
1.332132e+04 1.316670e+04 1.316596e+04 1.332206e+04
1.332479e+04 1.314899e+04 1.314785e+04 1.332593e+04
1.325106e+04 1.313442e+04 1.313214e+04 1.325334e+04
1.315709e+04 1.312452e+04 1.312571e+04 1.315590e+04
1.314772e+04 1.306814e+04 1.308494e+04 1.313091e+04
1.303546e+04 1.288535e+04 1.291401e+04 1.300681e+04
1.271613e+04 1.269715e+04 1.271850e+04 1.269478e+04
1.242407e+04 1.258966e+04 1.259683e+04 1.241690e+04
1.236157e+04 1.255109e+04 1.254806e+04 1.236460e+04
1.242079e+04 1.255033e+04 1.254197e+04 1.242915e+04
1.222361e+04 1.256581e+04 1.255531e+04 1.223411e+04
1.214934e+04 1.258476e+04 1.257393e+04 1.216017e+04
1.232517e+04 1.260062e+04 1.259016e+04 1.233562e+04
1.240769e+04 1.261142e+04 1.259038e+04 1.242873e+04
1.249154e+04 1.261782e+04 1.256250e+04 1.254687e+04
1.250323e+04 1.262131e+04 1.255307e+04 1.257147e+04
1.260026e+04 1.262317e+04 1.258830e+04 1.263512e+04
1.263908e+04 1.262422e+04 1.263177e+04 1.263153e+04
1.281437e+04 1.262491e+04 1.265920e+04 1.278008e+04
1.285783e+04 1.262544e+04 1.267149e+04 1.281178e+04
1.270136e+04 1.262589e+04 1.267471e+04 1.265255e+04
1.262622e+04 1.262630e+04 1.267334e+04 1.257918e+04
1.258279e+04 1.262667e+04 1.267045e+04 1.253901e+04
1.270304e+04 1.262702e+04 1.267884e+04 1.265122e+04
1.273826e+04 1.262735e+04 1.271159e+04 1.265402e+04
1.271342e+04 1.262765e+04 1.272360e+04 1.261747e+04
1.272511e+04 1.262793e+04 1.268973e+04 1.266332e+04
1.277537e+04 1.262820e+04 1.264706e+04 1.275650e+04
1.280454e+04 1.262844e+04 1.262017e+04 1.281281e+04
1.267497e+04 1.262867e+04 1.260832e+04 1.269532e+04
1.264906e+04 1.262889e+04 1.260548e+04 1.267246e+04
1.258524e+04 1.262909e+04 1.260720e+04 1.260713e+04
1.259494e+04 1.262928e+04 1.261047e+04 1.261375e+04
1.270812e+04 1.262986e+04 1.260924e+04 1.272874e+04
1.284476e+04 1.268130e+04 1.264607e+04 1.287999e+04
1.295301e+04 1.286205e+04 1.281537e+04 1.299969e+04
1.313829e+04 1.304981e+04 1.301043e+04 1.317767e+04
1.327169e+04 1.315762e+04 1.313221e+04 1.329710e+04
1.329402e+04 1.319683e+04 1.318132e+04 1.330952e+04
1.332658e+04 1.319834e+04 1.318782e+04 1.333710e+04
1.327979e+04 1.318361e+04 1.317490e+04 1.328850e+04
1.319797e+04 1.316537e+04 1.315667e+04 1.320667e+04
1.314153e+04 1.315018e+04 1.314074e+04 1.315097e+04
1.323685e+04 1.313962e+04 1.313403e+04 1.324245e+04
1.323865e+04 1.308256e+04 1.309295e+04 1.322827e+04
1.304653e+04 1.289908e+04 1.292167e+04 1.302395e+04
1.270052e+04 1.271018e+04 1.272580e+04 1.268490e+04
1.250904e+04 1.260198e+04 1.260375e+04 1.250727e+04
1.245961e+04 1.256272e+04 1.255460e+04 1.246773e+04
1.238439e+04 1.256128e+04 1.254813e+04 1.239753e+04
1.238230e+04 1.257612e+04 1.256111e+04 1.239731e+04
1.250660e+04 1.259447e+04 1.257941e+04 1.252166e+04
1.252954e+04 1.260977e+04 1.259535e+04 1.254396e+04
1.241946e+04 1.262002e+04 1.259527e+04 1.244421e+04
1.246082e+04 1.262590e+04 1.256711e+04 1.251961e+04
1.261879e+04 1.262887e+04 1.255740e+04 1.269027e+04
1.270285e+04 1.263024e+04 1.259236e+04 1.274074e+04
1.271308e+04 1.263082e+04 1.263555e+04 1.270834e+04
1.260459e+04 1.263106e+04 1.266274e+04 1.257291e+04
1.244435e+04 1.263113e+04 1.267477e+04 1.240071e+04
1.252498e+04 1.263116e+04 1.267774e+04 1.247840e+04
1.264893e+04 1.263116e+04 1.267613e+04 1.260396e+04
1.254496e+04 1.263116e+04 1.267302e+04 1.250310e+04
1.239629e+04 1.263116e+04 1.268119e+04 1.234626e+04
1.249284e+04 1.263116e+04 1.271374e+04 1.241026e+04
1.283651e+04 1.263115e+04 1.272557e+04 1.274210e+04
1.292615e+04 1.263115e+04 1.269153e+04 1.286578e+04
1.289243e+04 1.263114e+04 1.264870e+04 1.287488e+04
1.272899e+04 1.263114e+04 1.262166e+04 1.273847e+04
1.274302e+04 1.263114e+04 1.260967e+04 1.276449e+04
1.274911e+04 1.263115e+04 1.260671e+04 1.277355e+04
1.264860e+04 1.263119e+04 1.260834e+04 1.267145e+04
1.253209e+04 1.263126e+04 1.261155e+04 1.255179e+04
1.254005e+04 1.263174e+04 1.261030e+04 1.256149e+04
1.262403e+04 1.268309e+04 1.264711e+04 1.266001e+04
1.292834e+04 1.286375e+04 1.281638e+04 1.297571e+04
1.304573e+04 1.305143e+04 1.301142e+04 1.308574e+04
1.309459e+04 1.315916e+04 1.313317e+04 1.312058e+04
1.322831e+04 1.319829e+04 1.318226e+04 1.324434e+04
1.313621e+04 1.319972e+04 1.318873e+04 1.314720e+04
1.318124e+04 1.318491e+04 1.317577e+04 1.319038e+04
1.322705e+04 1.316656e+04 1.315747e+04 1.323614e+04
1.324388e+04 1.315124e+04 1.314145e+04 1.325366e+04
1.315849e+04 1.314055e+04 1.313463e+04 1.316441e+04
1.311912e+04 1.308336e+04 1.309345e+04 1.310903e+04
1.303309e+04 1.289976e+04 1.292208e+04 1.301077e+04
1.286488e+04 1.271075e+04 1.272614e+04 1.284950e+04
1.289395e+04 1.260247e+04 1.260402e+04 1.289240e+04
1.282177e+04 1.256313e+04 1.255481e+04 1.283008e+04
1.267317e+04 1.256162e+04 1.254829e+04 1.268650e+04
1.251395e+04 1.257640e+04 1.256123e+04 1.252912e+04
1.251221e+04 1.259470e+04 1.257948e+04 1.252744e+04
1.253154e+04 1.260995e+04 1.259538e+04 1.254612e+04
1.252154e+04 1.262017e+04 1.259528e+04 1.254643e+04
1.260666e+04 1.262601e+04 1.256710e+04 1.266557e+04
1.259888e+04 1.262895e+04 1.255738e+04 1.267045e+04
1.265564e+04 1.263029e+04 1.259233e+04 1.269360e+04
1.282257e+04 1.263084e+04 1.263552e+04 1.281790e+04
1.279149e+04 1.263106e+04 1.266268e+04 1.275986e+04
1.289436e+04 1.263113e+04 1.267473e+04 1.285077e+04
1.267046e+04 1.263116e+04 1.267772e+04 1.262391e+04
1.240631e+04 1.263116e+04 1.267613e+04 1.236134e+04
1.248245e+04 1.263116e+04 1.267303e+04 1.244058e+04
1.241024e+04 1.263116e+04 1.268120e+04 1.236019e+04
1.253372e+04 1.263116e+04 1.271375e+04 1.245112e+04
1.268986e+04 1.263115e+04 1.272557e+04 1.259544e+04
1.268385e+04 1.263115e+04 1.269153e+04 1.262347e+04
1.272219e+04 1.263114e+04 1.264870e+04 1.270463e+04
1.271206e+04 1.263114e+04 1.262166e+04 1.272154e+04
1.272949e+04 1.263114e+04 1.260967e+04 1.275096e+04
1.253516e+04 1.263115e+04 1.260671e+04 1.255960e+04
1.251850e+04 1.263119e+04 1.260834e+04 1.254135e+04
1.256970e+04 1.263126e+04 1.261155e+04 1.258941e+04
1.254304e+04 1.263174e+04 1.261030e+04 1.256448e+04
1.256127e+04 1.268309e+04 1.264711e+04 1.259726e+04
1.245679e+04 1.286375e+04 1.281638e+04 1.250416e+04
1.256990e+04 1.305143e+04 1.301142e+04 1.260990e+04
1.275900e+04 1.315916e+04 1.313318e+04 1.278498e+04
1.295932e+04 1.319826e+04 1.318225e+04 1.297533e+04
1.305932e+04 1.319968e+04 1.318870e+04 1.307031e+04
1.313343e+04 1.318488e+04 1.317574e+04 1.314257e+04
1.322279e+04 1.316658e+04 1.315749e+04 1.323188e+04
1.328720e+04 1.315135e+04 1.314154e+04 1.329700e+04
1.326756e+04 1.314074e+04 1.313481e+04 1.327348e+04
1.306974e+04 1.308366e+04 1.309374e+04 1.305966e+04
1.292229e+04 1.290018e+04 1.292248e+04 1.289999e+04
1.270042e+04 1.271130e+04 1.272666e+04 1.268506e+04
1.253834e+04 1.260316e+04 1.260468e+04 1.253682e+04
1.251665e+04 1.256398e+04 1.255562e+04 1.252501e+04
1.245110e+04 1.256263e+04 1.254926e+04 1.246447e+04
1.242813e+04 1.257756e+04 1.256235e+04 1.244334e+04
1.259951e+04 1.259600e+04 1.258073e+04 1.261479e+04
1.269408e+04 1.261138e+04 1.259676e+04 1.270871e+04
1.275063e+04 1.262174e+04 1.259679e+04 1.277558e+04
1.266462e+04 1.262773e+04 1.256875e+04 1.272360e+04
1.268331e+04 1.263084e+04 1.255918e+04 1.275497e+04
1.267144e+04 1.263236e+04 1.259431e+04 1.270949e+04
1.278896e+04 1.263312e+04 1.263769e+04 1.278439e+04
1.275063e+04 1.263357e+04 1.266507e+04 1.271913e+04
1.263465e+04 1.263390e+04 1.267734e+04 1.259121e+04
1.268855e+04 1.263420e+04 1.268058e+04 1.264217e+04
1.275589e+04 1.263451e+04 1.267926e+04 1.271113e+04
1.286039e+04 1.263483e+04 1.267647e+04 1.281876e+04
1.291692e+04 1.263519e+04 1.268498e+04 1.286712e+04
1.289160e+04 1.263558e+04 1.271791e+04 1.280927e+04
1.291550e+04 1.263600e+04 1.273014e+04 1.282137e+04
1.282658e+04 1.263646e+04 1.269654e+04 1.276651e+04
1.276987e+04 1.263696e+04 1.265419e+04 1.275265e+04
1.271312e+04 1.263751e+04 1.262768e+04 1.272295e+04
1.263733e+04 1.263810e+04 1.261626e+04 1.265917e+04
1.251606e+04 1.263876e+04 1.261392e+04 1.254089e+04
1.263254e+04 1.263948e+04 1.261622e+04 1.265580e+04
1.255537e+04 1.264028e+04 1.262013e+04 1.257552e+04
1.266621e+04 1.264156e+04 1.261963e+04 1.268814e+04
1.275500e+04 1.269376e+04 1.265724e+04 1.279151e+04
1.282203e+04 1.287533e+04 1.282738e+04 1.286998e+04
1.276978e+04 1.306400e+04 1.302335e+04 1.281043e+04
1.285545e+04 1.317280e+04 1.314612e+04 1.288214e+04
1.304889e+04 1.321309e+04 1.319629e+04 1.306569e+04
1.315166e+04 1.321577e+04 1.320394e+04 1.316349e+04
1.326339e+04 1.320234e+04 1.319228e+04 1.327345e+04
1.323285e+04 1.318553e+04 1.317544e+04 1.324294e+04
1.330669e+04 1.317192e+04 1.316102e+04 1.331759e+04
1.315822e+04 1.316306e+04 1.315595e+04 1.316533e+04
1.280957e+04 1.310786e+04 1.311665e+04 1.280078e+04
1.254876e+04 1.292638e+04 1.294729e+04 1.252785e+04
1.251376e+04 1.273962e+04 1.275348e+04 1.249990e+04
1.247354e+04 1.263373e+04 1.263364e+04 1.247363e+04
1.259974e+04 1.259693e+04 1.258684e+04 1.260984e+04
1.266795e+04 1.259811e+04 1.258288e+04 1.268319e+04
1.256617e+04 1.261571e+04 1.259851e+04 1.258338e+04
1.256945e+04 1.263697e+04 1.261957e+04 1.258684e+04
1.251920e+04 1.265531e+04 1.263842e+04 1.253609e+04
1.262395e+04 1.266877e+04 1.264140e+04 1.265132e+04
1.254400e+04 1.267803e+04 1.261645e+04 1.260558e+04
1.259002e+04 1.268457e+04 1.261012e+04 1.266446e+04
1.264457e+04 1.268967e+04 1.264862e+04 1.268561e+04
1.269567e+04 1.269417e+04 1.269554e+04 1.269430e+04
1.291247e+04 1.269850e+04 1.272660e+04 1.288438e+04
1.292633e+04 1.270287e+04 1.274269e+04 1.288651e+04
1.287245e+04 1.270737e+04 1.274987e+04 1.282995e+04
1.278725e+04 1.271203e+04 1.275264e+04 1.274664e+04
1.262458e+04 1.271685e+04 1.275409e+04 1.258734e+04
1.262044e+04 1.272184e+04 1.276700e+04 1.257527e+04
1.266988e+04 1.272700e+04 1.280448e+04 1.259239e+04
1.265678e+04 1.273232e+04 1.282140e+04 1.256770e+04
1.276008e+04 1.273781e+04 1.279263e+04 1.270527e+04
1.273004e+04 1.274346e+04 1.275522e+04 1.271828e+04
1.273333e+04 1.274926e+04 1.273376e+04 1.274883e+04
1.282620e+04 1.275522e+04 1.272750e+04 1.285391e+04
1.286132e+04 1.276127e+04 1.273039e+04 1.289220e+04
1.295214e+04 1.276725e+04 1.273779e+04 1.298160e+04
1.291888e+04 1.277312e+04 1.274558e+04 1.294641e+04
