1.186779e+04 1.184561e+04 1.183721e+04 1.187618e+04
1.184372e+04 1.184434e+04 1.183539e+04 1.185267e+04
1.186348e+04 1.184311e+04 1.183361e+04 1.187298e+04
1.185788e+04 1.184194e+04 1.183190e+04 1.186792e+04
1.184676e+04 1.184081e+04 1.183026e+04 1.185730e+04
1.182277e+04 1.183973e+04 1.182870e+04 1.183380e+04
1.181290e+04 1.183869e+04 1.182719e+04 1.182440e+04
1.178780e+04 1.183767e+04 1.182572e+04 1.179975e+04
1.177417e+04 1.183668e+04 1.182429e+04 1.178656e+04
1.177374e+04 1.183573e+04 1.182288e+04 1.178659e+04
1.180232e+04 1.183490e+04 1.181713e+04 1.182009e+04
1.185250e+04 1.184386e+04 1.181377e+04 1.188260e+04
1.191333e+04 1.187766e+04 1.184941e+04 1.194158e+04
1.195633e+04 1.191284e+04 1.190560e+04 1.196357e+04
1.198444e+04 1.193274e+04 1.194691e+04 1.197028e+04
1.199427e+04 1.193954e+04 1.196594e+04 1.196787e+04
1.200487e+04 1.193914e+04 1.197016e+04 1.197386e+04
1.201902e+04 1.193569e+04 1.196701e+04 1.198770e+04
1.197724e+04 1.193161e+04 1.196127e+04 1.194758e+04
1.192150e+04 1.192816e+04 1.195570e+04 1.189395e+04
1.189148e+04 1.192562e+04 1.195583e+04 1.186126e+04
1.190071e+04 1.191420e+04 1.195505e+04 1.185986e+04
1.189378e+04 1.187857e+04 1.191641e+04 1.185594e+04
1.183316e+04 1.184193e+04 1.185794e+04 1.181715e+04
1.178208e+04 1.182078e+04 1.181477e+04 1.178810e+04
1.178329e+04 1.181288e+04 1.179411e+04 1.180205e+04
1.178493e+04 1.181224e+04 1.178842e+04 1.180875e+04
1.173658e+04 1.181473e+04 1.179020e+04 1.176111e+04
1.169544e+04 1.181792e+04 1.179467e+04 1.171869e+04
1.172384e+04 1.182054e+04 1.179911e+04 1.174527e+04
1.177822e+04 1.182228e+04 1.180333e+04 1.179716e+04
1.183250e+04 1.183199e+04 1.182097e+04 1.184353e+04
1.186896e+04 1.186353e+04 1.186842e+04 1.186407e+04
1.192055e+04 1.189599e+04 1.191322e+04 1.190333e+04
1.195817e+04 1.191450e+04 1.193681e+04 1.193585e+04
1.204478e+04 1.192109e+04 1.194427e+04 1.202160e+04
1.210007e+04 1.192115e+04 1.194341e+04 1.207781e+04
1.200598e+04 1.191841e+04 1.193920e+04 1.198519e+04
1.189862e+04 1.191508e+04 1.193449e+04 1.187921e+04
1.185299e+04 1.191228e+04 1.193068e+04 1.183459e+04
1.191554e+04 1.191030e+04 1.192713e+04 1.189871e+04
1.196530e+04 1.190029e+04 1.190987e+04 1.195572e+04
1.193852e+04 1.186842e+04 1.186246e+04 1.194448e+04
1.185678e+04 1.183563e+04 1.181746e+04 1.187495e+04
1.180962e+04 1.181680e+04 1.179354e+04 1.183288e+04
1.181388e+04 1.180990e+04 1.178571e+04 1.183807e+04
1.175008e+04 1.180955e+04 1.178620e+04 1.177343e+04
1.167990e+04 1.181203e+04 1.179005e+04 1.170187e+04
1.166492e+04 1.181511e+04 1.179443e+04 1.168560e+04
1.167314e+04 1.181768e+04 1.179788e+04 1.169294e+04
1.175750e+04 1.181945e+04 1.179567e+04 1.178129e+04
1.186804e+04 1.183023e+04 1.179477e+04 1.190350e+04
1.191312e+04 1.186530e+04 1.183214e+04 1.194628e+04
1.194465e+04 1.190144e+04 1.188966e+04 1.195643e+04
1.196611e+04 1.192213e+04 1.193208e+04 1.195616e+04
1.199121e+04 1.192961e+04 1.195209e+04 1.196873e+04
1.203652e+04 1.192985e+04 1.195722e+04 1.200915e+04
1.202653e+04 1.192698e+04 1.195491e+04 1.199860e+04
1.196409e+04 1.192343e+04 1.194993e+04 1.193758e+04
1.191167e+04 1.192047e+04 1.194507e+04 1.188707e+04
1.192800e+04 1.191840e+04 1.194587e+04 1.190053e+04
1.195228e+04 1.190742e+04 1.194571e+04 1.191399e+04
1.195523e+04 1.187222e+04 1.190766e+04 1.191978e+04
1.188905e+04 1.183597e+04 1.184975e+04 1.187527e+04
1.177860e+04 1.181520e+04 1.180710e+04 1.178670e+04
1.171370e+04 1.180765e+04 1.178695e+04 1.173441e+04
1.170216e+04 1.180735e+04 1.178171e+04 1.172779e+04
1.174116e+04 1.181017e+04 1.178394e+04 1.176738e+04
1.178163e+04 1.181367e+04 1.178885e+04 1.180645e+04
1.182554e+04 1.181658e+04 1.179370e+04 1.184843e+04
1.183634e+04 1.181860e+04 1.179831e+04 1.185663e+04
1.178956e+04 1.182858e+04 1.181631e+04 1.180183e+04
1.180913e+04 1.186037e+04 1.186410e+04 1.180540e+04
1.192295e+04 1.189306e+04 1.190923e+04 1.190679e+04
1.199718e+04 1.191179e+04 1.193312e+04 1.197585e+04
1.197725e+04 1.191858e+04 1.194086e+04 1.195497e+04
1.191643e+04 1.191883e+04 1.194026e+04 1.189500e+04
1.192043e+04 1.191626e+04 1.193628e+04 1.190041e+04
1.198316e+04 1.191308e+04 1.193178e+04 1.196446e+04
1.197044e+04 1.191043e+04 1.192817e+04 1.195270e+04
1.189416e+04 1.190858e+04 1.192480e+04 1.187793e+04
1.182536e+04 1.189869e+04 1.190771e+04 1.181634e+04
1.188439e+04 1.186695e+04 1.186046e+04 1.189088e+04
1.198183e+04 1.183426e+04 1.181561e+04 1.200049e+04
1.192174e+04 1.181554e+04 1.179183e+04 1.194545e+04
1.180280e+04 1.180874e+04 1.178413e+04 1.182740e+04
1.174804e+04 1.180847e+04 1.178474e+04 1.177178e+04
1.175035e+04 1.181103e+04 1.178871e+04 1.177268e+04
1.171403e+04 1.181421e+04 1.179320e+04 1.173504e+04
1.167944e+04 1.181686e+04 1.179676e+04 1.169954e+04
1.164534e+04 1.181871e+04 1.179466e+04 1.166940e+04
1.168830e+04 1.182957e+04 1.179387e+04 1.172401e+04
1.179050e+04 1.186471e+04 1.183134e+04 1.182387e+04
1.187463e+04 1.190091e+04 1.188894e+04 1.188660e+04
1.192134e+04 1.192166e+04 1.193144e+04 1.191156e+04
1.194839e+04 1.192919e+04 1.195153e+04 1.192605e+04
1.196267e+04 1.192948e+04 1.195672e+04 1.193543e+04
1.197881e+04 1.192665e+04 1.195447e+04 1.195099e+04
1.202518e+04 1.192313e+04 1.194954e+04 1.199876e+04
1.201335e+04 1.192019e+04 1.194471e+04 1.198883e+04
1.197354e+04 1.191814e+04 1.194554e+04 1.194615e+04
1.193524e+04 1.190718e+04 1.194540e+04 1.189702e+04
1.192888e+04 1.187199e+04 1.190737e+04 1.189350e+04
1.193639e+04 1.183576e+04 1.184947e+04 1.192268e+04
1.195762e+04 1.181500e+04 1.180684e+04 1.196578e+04
1.196397e+04 1.180746e+04 1.178670e+04 1.198473e+04
1.194387e+04 1.180717e+04 1.178148e+04 1.196956e+04
1.191323e+04 1.181001e+04 1.178373e+04 1.193951e+04
1.185184e+04 1.181352e+04 1.178866e+04 1.187671e+04
1.181201e+04 1.181646e+04 1.179353e+04 1.183494e+04
1.182627e+04 1.181850e+04 1.179818e+04 1.184659e+04
1.188693e+04 1.182850e+04 1.181620e+04 1.189923e+04
1.195273e+04 1.186030e+04 1.186402e+04 1.194902e+04
1.202705e+04 1.189301e+04 1.190916e+04 1.201090e+04
1.216885e+04 1.191175e+04 1.193308e+04 1.214752e+04
1.216977e+04 1.191856e+04 1.194083e+04 1.214750e+04
1.213102e+04 1.191882e+04 1.194025e+04 1.210959e+04
1.195558e+04 1.191626e+04 1.193628e+04 1.193556e+04
1.183391e+04 1.191309e+04 1.193179e+04 1.181521e+04
1.180612e+04 1.191044e+04 1.192819e+04 1.178838e+04
1.173683e+04 1.190859e+04 1.192482e+04 1.172060e+04
1.165173e+04 1.189870e+04 1.190772e+04 1.164270e+04
1.169259e+04 1.186695e+04 1.186046e+04 1.169908e+04
1.169481e+04 1.183427e+04 1.181561e+04 1.171346e+04
1.167026e+04 1.181554e+04 1.179183e+04 1.169397e+04
1.172203e+04 1.180874e+04 1.178413e+04 1.174663e+04
1.173191e+04 1.180848e+04 1.178474e+04 1.175564e+04
1.166125e+04 1.181103e+04 1.178871e+04 1.168358e+04
1.162136e+04 1.181421e+04 1.179320e+04 1.164237e+04
1.164264e+04 1.181686e+04 1.179676e+04 1.166273e+04
1.167149e+04 1.181871e+04 1.179466e+04 1.169554e+04
1.167133e+04 1.182957e+04 1.179387e+04 1.170703e+04
1.165894e+04 1.186471e+04 1.183134e+04 1.169231e+04
1.166786e+04 1.190091e+04 1.188894e+04 1.167983e+04
1.174959e+04 1.192166e+04 1.193144e+04 1.173980e+04
1.186408e+04 1.192918e+04 1.195152e+04 1.184175e+04
1.192837e+04 1.192947e+04 1.195670e+04 1.190113e+04
1.197500e+04 1.192663e+04 1.195444e+04 1.194719e+04
1.200582e+04 1.192312e+04 1.194951e+04 1.197942e+04
1.201587e+04 1.192019e+04 1.194469e+04 1.199137e+04
1.198934e+04 1.191815e+04 1.194552e+04 1.196196e+04
1.194892e+04 1.190720e+04 1.194540e+04 1.191071e+04
1.193576e+04 1.187202e+04 1.190739e+04 1.190039e+04
1.187955e+04 1.183580e+04 1.184951e+04 1.186584e+04
1.181861e+04 1.181506e+04 1.180690e+04 1.182678e+04
1.178639e+04 1.180754e+04 1.178678e+04 1.180715e+04
1.177649e+04 1.180727e+04 1.178159e+04 1.180217e+04
1.176523e+04 1.181012e+04 1.178386e+04 1.179149e+04
1.180117e+04 1.181364e+04 1.178880e+04 1.182601e+04
1.191912e+04 1.181658e+04 1.179368e+04 1.194202e+04
1.197818e+04 1.181863e+04 1.179833e+04 1.199847e+04
1.196434e+04 1.182863e+04 1.181635e+04 1.197661e+04
1.193601e+04 1.186044e+04 1.186418e+04 1.193227e+04
1.189568e+04 1.189316e+04 1.190932e+04 1.187951e+04
1.197544e+04 1.191190e+04 1.193324e+04 1.195410e+04
1.198898e+04 1.191871e+04 1.194100e+04 1.196669e+04
1.192169e+04 1.191899e+04 1.194043e+04 1.190024e+04
1.183405e+04 1.191645e+04 1.193649e+04 1.181401e+04
1.183252e+04 1.191330e+04 1.193203e+04 1.181379e+04
1.186990e+04 1.191068e+04 1.192846e+04 1.185212e+04
1.191603e+04 1.190887e+04 1.192513e+04 1.189976e+04
1.193788e+04 1.189902e+04 1.190809e+04 1.192881e+04
1.200231e+04 1.186731e+04 1.186089e+04 1.200874e+04
1.198554e+04 1.183467e+04 1.181609e+04 1.200412e+04
1.188788e+04 1.181600e+04 1.179238e+04 1.191151e+04
1.180038e+04 1.180925e+04 1.178475e+04 1.182488e+04
1.170760e+04 1.180905e+04 1.178543e+04 1.173122e+04
1.165409e+04 1.181167e+04 1.178947e+04 1.167629e+04
1.170224e+04 1.181490e+04 1.179403e+04 1.172311e+04
1.170447e+04 1.181760e+04 1.179766e+04 1.172441e+04
1.176371e+04 1.181952e+04 1.179563e+04 1.178760e+04
1.180935e+04 1.183043e+04 1.179491e+04 1.184487e+04
1.183812e+04 1.186564e+04 1.183247e+04 1.187130e+04
1.184595e+04 1.190192e+04 1.189016e+04 1.185771e+04
1.188675e+04 1.192275e+04 1.193275e+04 1.187674e+04
1.201546e+04 1.193037e+04 1.195295e+04 1.199288e+04
1.207459e+04 1.193075e+04 1.195826e+04 1.204709e+04
1.207053e+04 1.192803e+04 1.195613e+04 1.204242e+04
1.204107e+04 1.192465e+04 1.195136e+04 1.201435e+04
1.200131e+04 1.192186e+04 1.194672e+04 1.197645e+04
1.193757e+04 1.191997e+04 1.194774e+04 1.190980e+04
1.182295e+04 1.190919e+04 1.194783e+04 1.178431e+04
1.175979e+04 1.187419e+04 1.191005e+04 1.172393e+04
1.175299e+04 1.183817e+04 1.185242e+04 1.173874e+04
1.177551e+04 1.181764e+04 1.181007e+04 1.178308e+04
1.183381e+04 1.181033e+04 1.179024e+04 1.185391e+04
1.189048e+04 1.181029e+04 1.178535e+04 1.191543e+04
1.188389e+04 1.181339e+04 1.178794e+04 1.190934e+04
1.182310e+04 1.181717e+04 1.179321e+04 1.184705e+04
1.182052e+04 1.182037e+04 1.179844e+04 1.184246e+04
1.188030e+04 1.182270e+04 1.180344e+04 1.189955e+04
1.185483e+04 1.183299e+04 1.182186e+04 1.186597e+04
1.184052e+04 1.186511e+04 1.187009e+04 1.183555e+04
1.180323e+04 1.189816e+04 1.191568e+04 1.178571e+04
1.181999e+04 1.191726e+04 1.194007e+04 1.179719e+04
1.200178e+04 1.192445e+04 1.194833e+04 1.197790e+04
1.211839e+04 1.192513e+04 1.194830e+04 1.209522e+04
1.210891e+04 1.192302e+04 1.194494e+04 1.208699e+04
1.200676e+04 1.192035e+04 1.194113e+04 1.198598e+04
1.188576e+04 1.191825e+04 1.193828e+04 1.186574e+04
1.177946e+04 1.191700e+04 1.193573e+04 1.176074e+04
1.173391e+04 1.190776e+04 1.191951e+04 1.172215e+04
1.171641e+04 1.187668e+04 1.187318e+04 1.171991e+04
1.175969e+04 1.184471e+04 1.182931e+04 1.177509e+04
1.177013e+04 1.182674e+04 1.180657e+04 1.179030e+04
1.177158e+04 1.182073e+04 1.179996e+04 1.179234e+04
1.183964e+04 1.182129e+04 1.180172e+04 1.185921e+04
1.190511e+04 1.182471e+04 1.180691e+04 1.192291e+04
1.192153e+04 1.182874e+04 1.181263e+04 1.193764e+04
1.189849e+04 1.183223e+04 1.181753e+04 1.191320e+04
