1.210945e+04 1.208547e+04 1.208938e+04 1.210554e+04
1.208674e+04 1.208467e+04 1.208792e+04 1.208348e+04
1.211329e+04 1.208397e+04 1.208654e+04 1.211072e+04
1.211095e+04 1.208337e+04 1.208526e+04 1.210906e+04
1.210530e+04 1.208285e+04 1.208408e+04 1.210407e+04
1.207126e+04 1.208242e+04 1.208298e+04 1.207071e+04
1.206817e+04 1.208207e+04 1.208196e+04 1.206829e+04
1.203728e+04 1.208179e+04 1.208100e+04 1.203807e+04
1.202849e+04 1.208158e+04 1.208011e+04 1.202995e+04
1.203245e+04 1.208143e+04 1.207925e+04 1.203463e+04
1.206122e+04 1.208148e+04 1.207410e+04 1.206860e+04
1.211684e+04 1.210011e+04 1.207612e+04 1.214083e+04
1.218799e+04 1.216591e+04 1.212918e+04 1.222472e+04
1.225259e+04 1.223430e+04 1.220340e+04 1.228349e+04
1.230190e+04 1.227361e+04 1.225526e+04 1.232024e+04
1.232588e+04 1.228795e+04 1.227845e+04 1.233538e+04
1.234515e+04 1.228860e+04 1.228332e+04 1.235043e+04
1.235557e+04 1.228338e+04 1.227931e+04 1.235964e+04
1.231136e+04 1.227693e+04 1.227237e+04 1.231591e+04
1.226084e+04 1.227162e+04 1.226589e+04 1.226656e+04
1.222388e+04 1.226801e+04 1.226552e+04 1.222637e+04
1.222965e+04 1.224747e+04 1.225986e+04 1.221727e+04
1.220163e+04 1.218087e+04 1.220454e+04 1.217796e+04
1.211471e+04 1.211230e+04 1.212891e+04 1.209810e+04
1.203658e+04 1.207313e+04 1.207610e+04 1.203360e+04
1.201911e+04 1.205908e+04 1.205222e+04 1.202597e+04
1.201900e+04 1.205880e+04 1.204679e+04 1.203101e+04
1.196062e+04 1.206444e+04 1.205034e+04 1.197473e+04
1.191359e+04 1.207135e+04 1.205688e+04 1.192806e+04
1.195481e+04 1.207713e+04 1.206307e+04 1.196887e+04
1.201537e+04 1.208106e+04 1.206804e+04 1.202840e+04
1.206533e+04 1.208340e+04 1.207881e+04 1.206992e+04
1.209126e+04 1.208467e+04 1.210441e+04 1.207151e+04
1.213547e+04 1.208534e+04 1.212838e+04 1.209243e+04
1.216126e+04 1.208573e+04 1.214112e+04 1.210587e+04
1.223985e+04 1.208598e+04 1.214528e+04 1.218055e+04
1.228316e+04 1.208617e+04 1.214501e+04 1.222432e+04
1.218369e+04 1.208633e+04 1.214294e+04 1.212708e+04
1.207946e+04 1.208648e+04 1.214057e+04 1.202537e+04
1.203907e+04 1.208662e+04 1.213867e+04 1.198702e+04
1.210916e+04 1.208675e+04 1.213693e+04 1.205897e+04
1.216293e+04 1.208686e+04 1.212816e+04 1.212163e+04
1.214337e+04 1.208698e+04 1.210360e+04 1.212674e+04
1.210012e+04 1.208708e+04 1.208011e+04 1.210709e+04
1.210047e+04 1.208717e+04 1.206755e+04 1.212009e+04
1.212522e+04 1.208726e+04 1.206342e+04 1.214906e+04
1.205623e+04 1.208735e+04 1.206368e+04 1.207990e+04
1.199118e+04 1.208743e+04 1.206572e+04 1.201289e+04
1.197827e+04 1.208750e+04 1.206805e+04 1.199773e+04
1.198885e+04 1.208757e+04 1.206988e+04 1.200653e+04
1.206044e+04 1.208778e+04 1.206670e+04 1.208152e+04
1.216685e+04 1.210652e+04 1.207009e+04 1.220328e+04
1.222526e+04 1.217238e+04 1.212411e+04 1.227353e+04
1.227960e+04 1.224079e+04 1.219904e+04 1.232135e+04
1.231900e+04 1.228007e+04 1.225148e+04 1.234760e+04
1.233746e+04 1.229435e+04 1.227515e+04 1.235666e+04
1.235871e+04 1.229490e+04 1.228044e+04 1.237317e+04
1.235133e+04 1.228954e+04 1.227679e+04 1.236408e+04
1.229398e+04 1.228289e+04 1.227015e+04 1.230672e+04
1.224221e+04 1.227736e+04 1.226390e+04 1.225566e+04
1.224761e+04 1.227351e+04 1.226373e+04 1.225739e+04
1.226945e+04 1.225272e+04 1.225825e+04 1.226393e+04
1.226050e+04 1.218587e+04 1.220308e+04 1.224329e+04
1.216147e+04 1.211704e+04 1.212759e+04 1.215092e+04
1.203098e+04 1.207762e+04 1.207490e+04 1.203370e+04
1.196259e+04 1.206332e+04 1.205112e+04 1.197478e+04
1.195648e+04 1.206279e+04 1.204579e+04 1.197349e+04
1.198970e+04 1.206820e+04 1.204942e+04 1.200848e+04
1.203594e+04 1.207489e+04 1.205605e+04 1.205478e+04
1.208079e+04 1.208046e+04 1.206233e+04 1.209892e+04
1.209026e+04 1.208420e+04 1.206737e+04 1.210708e+04
1.204047e+04 1.208634e+04 1.207821e+04 1.204859e+04
1.207269e+04 1.208742e+04 1.210389e+04 1.205622e+04
1.216989e+04 1.208792e+04 1.212791e+04 1.212990e+04
1.221345e+04 1.208813e+04 1.214070e+04 1.216088e+04
1.215351e+04 1.208822e+04 1.214491e+04 1.209682e+04
1.207323e+04 1.208824e+04 1.214467e+04 1.201681e+04
1.207632e+04 1.208825e+04 1.214262e+04 1.202195e+04
1.214667e+04 1.208826e+04 1.214027e+04 1.209465e+04
1.212971e+04 1.208826e+04 1.213838e+04 1.207958e+04
1.205249e+04 1.208825e+04 1.213666e+04 1.200408e+04
1.199977e+04 1.208825e+04 1.212791e+04 1.196011e+04
1.210103e+04 1.208825e+04 1.210336e+04 1.208592e+04
1.223221e+04 1.208825e+04 1.207988e+04 1.224057e+04
1.220645e+04 1.208825e+04 1.206733e+04 1.222736e+04
1.210913e+04 1.208825e+04 1.206322e+04 1.213416e+04
1.206712e+04 1.208825e+04 1.206348e+04 1.209189e+04
1.206656e+04 1.208825e+04 1.206554e+04 1.208927e+04
1.202946e+04 1.208826e+04 1.206788e+04 1.204984e+04
1.199526e+04 1.208829e+04 1.206975e+04 1.201380e+04
1.196168e+04 1.208847e+04 1.206660e+04 1.198354e+04
1.199882e+04 1.210718e+04 1.207002e+04 1.203597e+04
1.210529e+04 1.217300e+04 1.212407e+04 1.215422e+04
1.219451e+04 1.224138e+04 1.219903e+04 1.223685e+04
1.224544e+04 1.228063e+04 1.225149e+04 1.227457e+04
1.227651e+04 1.229489e+04 1.227519e+04 1.229621e+04
1.228599e+04 1.229541e+04 1.228050e+04 1.230090e+04
1.229879e+04 1.229001e+04 1.227686e+04 1.231194e+04
1.234369e+04 1.228332e+04 1.227022e+04 1.235680e+04
1.234182e+04 1.227774e+04 1.226396e+04 1.235560e+04
1.230072e+04 1.227385e+04 1.226378e+04 1.231079e+04
1.225427e+04 1.225301e+04 1.225827e+04 1.224901e+04
1.223175e+04 1.218612e+04 1.220309e+04 1.221478e+04
1.221829e+04 1.211725e+04 1.212758e+04 1.220796e+04
1.222191e+04 1.207780e+04 1.207488e+04 1.222483e+04
1.221642e+04 1.206347e+04 1.205109e+04 1.222880e+04
1.217867e+04 1.206292e+04 1.204575e+04 1.219584e+04
1.214171e+04 1.206830e+04 1.204937e+04 1.216064e+04
1.207883e+04 1.207497e+04 1.205601e+04 1.209780e+04
1.205335e+04 1.208053e+04 1.206229e+04 1.207159e+04
1.207858e+04 1.208425e+04 1.206734e+04 1.209549e+04
1.213528e+04 1.208638e+04 1.207819e+04 1.214347e+04
1.219167e+04 1.208745e+04 1.210386e+04 1.217526e+04
1.225528e+04 1.208794e+04 1.212789e+04 1.221533e+04
1.237469e+04 1.208814e+04 1.214068e+04 1.232215e+04
1.236363e+04 1.208822e+04 1.214489e+04 1.230695e+04
1.230965e+04 1.208824e+04 1.214466e+04 1.225323e+04
1.212083e+04 1.208825e+04 1.214262e+04 1.206646e+04
1.199341e+04 1.208826e+04 1.214028e+04 1.194138e+04
1.197531e+04 1.208826e+04 1.213839e+04 1.192517e+04
1.194482e+04 1.208825e+04 1.213667e+04 1.189641e+04
1.191031e+04 1.208825e+04 1.212791e+04 1.187066e+04
1.198992e+04 1.208825e+04 1.210337e+04 1.197480e+04
1.201185e+04 1.208825e+04 1.207989e+04 1.202022e+04
1.199677e+04 1.208825e+04 1.206734e+04 1.201768e+04
1.204556e+04 1.208825e+04 1.206322e+04 1.207059e+04
1.206127e+04 1.208825e+04 1.206348e+04 1.208603e+04
1.198278e+04 1.208825e+04 1.206554e+04 1.200549e+04
1.193760e+04 1.208826e+04 1.206788e+04 1.195798e+04
1.195015e+04 1.208829e+04 1.206975e+04 1.196869e+04
1.197087e+04 1.208847e+04 1.206660e+04 1.199273e+04
1.197078e+04 1.210718e+04 1.207002e+04 1.200793e+04
1.195770e+04 1.217300e+04 1.212407e+04 1.200663e+04
1.196358e+04 1.224138e+04 1.219903e+04 1.200592e+04
1.204748e+04 1.228063e+04 1.225149e+04 1.207662e+04
1.216856e+04 1.229488e+04 1.227518e+04 1.218827e+04
1.224178e+04 1.229539e+04 1.228048e+04 1.225670e+04
1.229206e+04 1.229000e+04 1.227683e+04 1.230523e+04
1.232001e+04 1.228333e+04 1.227020e+04 1.233315e+04
1.232840e+04 1.227778e+04 1.226397e+04 1.234222e+04
1.229797e+04 1.227392e+04 1.226381e+04 1.230808e+04
1.224605e+04 1.225312e+04 1.225833e+04 1.224084e+04
1.221009e+04 1.218627e+04 1.220318e+04 1.219318e+04
1.213042e+04 1.211745e+04 1.212771e+04 1.212016e+04
1.206700e+04 1.207805e+04 1.207505e+04 1.207000e+04
1.204063e+04 1.206378e+04 1.205131e+04 1.205309e+04
1.202832e+04 1.206329e+04 1.204601e+04 1.204560e+04
1.201764e+04 1.206873e+04 1.204969e+04 1.203668e+04
1.205506e+04 1.207545e+04 1.205636e+04 1.207415e+04
1.216969e+04 1.208105e+04 1.206267e+04 1.218807e+04
1.222611e+04 1.208482e+04 1.206775e+04 1.224317e+04
1.220453e+04 1.208700e+04 1.207864e+04 1.221290e+04
1.216148e+04 1.208814e+04 1.210435e+04 1.214527e+04
1.211672e+04 1.208869e+04 1.212842e+04 1.207700e+04
1.219036e+04 1.208897e+04 1.214126e+04 1.213808e+04
1.218282e+04 1.208913e+04 1.214552e+04 1.212643e+04
1.212396e+04 1.208925e+04 1.214535e+04 1.206786e+04
1.207356e+04 1.208936e+04 1.214338e+04 1.201954e+04
1.211647e+04 1.208947e+04 1.214112e+04 1.206482e+04
1.216749e+04 1.208959e+04 1.213932e+04 1.211776e+04
1.221316e+04 1.208972e+04 1.213770e+04 1.216518e+04
1.223285e+04 1.208986e+04 1.212905e+04 1.219366e+04
1.229797e+04 1.209002e+04 1.210463e+04 1.228336e+04
1.227919e+04 1.209019e+04 1.208128e+04 1.228810e+04
1.216841e+04 1.209037e+04 1.206887e+04 1.218991e+04
1.206750e+04 1.209057e+04 1.206491e+04 1.209316e+04
1.197302e+04 1.209078e+04 1.206534e+04 1.199847e+04
1.192788e+04 1.209102e+04 1.206757e+04 1.195133e+04
1.198095e+04 1.209129e+04 1.207011e+04 1.200213e+04
1.197911e+04 1.209158e+04 1.207216e+04 1.199852e+04
1.203880e+04 1.209204e+04 1.206923e+04 1.206161e+04
1.208081e+04 1.211106e+04 1.207287e+04 1.211900e+04
1.211203e+04 1.217722e+04 1.212716e+04 1.216209e+04
1.212215e+04 1.224596e+04 1.220238e+04 1.216573e+04
1.216146e+04 1.228560e+04 1.225513e+04 1.219194e+04
1.229282e+04 1.230028e+04 1.227912e+04 1.231397e+04
1.236613e+04 1.230126e+04 1.228476e+04 1.238262e+04
1.237668e+04 1.229636e+04 1.228149e+04 1.239155e+04
1.235286e+04 1.229024e+04 1.227526e+04 1.236784e+04
1.231431e+04 1.228528e+04 1.226947e+04 1.233012e+04
1.223914e+04 1.228205e+04 1.226979e+04 1.225140e+04
1.210644e+04 1.226194e+04 1.226483e+04 1.210355e+04
1.202905e+04 1.219582e+04 1.221024e+04 1.201463e+04
1.200533e+04 1.212777e+04 1.213536e+04 1.199774e+04
1.203443e+04 1.208919e+04 1.208333e+04 1.204029e+04
1.209287e+04 1.207578e+04 1.206025e+04 1.210841e+04
1.213995e+04 1.207621e+04 1.205567e+04 1.216050e+04
1.212533e+04 1.208263e+04 1.206009e+04 1.214787e+04
1.207193e+04 1.209037e+04 1.206755e+04 1.209476e+04
1.207178e+04 1.209705e+04 1.207469e+04 1.209415e+04
1.213483e+04 1.210196e+04 1.208064e+04 1.215615e+04
1.211264e+04 1.210533e+04 1.209243e+04 1.212554e+04
1.210826e+04 1.210771e+04 1.211911e+04 1.209686e+04
1.207675e+04 1.210957e+04 1.214420e+04 1.204212e+04
1.210043e+04 1.211121e+04 1.215810e+04 1.205354e+04
1.226190e+04 1.211279e+04 1.216348e+04 1.221120e+04
1.234902e+04 1.211438e+04 1.216448e+04 1.229892e+04
1.230576e+04 1.211602e+04 1.216374e+04 1.225805e+04
1.218382e+04 1.211772e+04 1.216277e+04 1.213877e+04
1.206840e+04 1.211947e+04 1.216234e+04 1.202554e+04
1.199193e+04 1.212129e+04 1.216214e+04 1.195108e+04
1.199440e+04 1.212317e+04 1.215498e+04 1.196260e+04
1.200762e+04 1.212511e+04 1.213209e+04 1.200064e+04
1.207106e+04 1.212711e+04 1.211033e+04 1.208783e+04
1.208951e+04 1.212917e+04 1.209957e+04 1.211911e+04
1.208611e+04 1.213128e+04 1.209730e+04 1.212009e+04
1.214606e+04 1.213345e+04 1.209949e+04 1.218002e+04
1.220586e+04 1.213566e+04 1.210352e+04 1.223800e+04
1.221883e+04 1.213784e+04 1.210785e+04 1.224882e+04
1.219114e+04 1.213998e+04 1.211172e+04 1.221940e+04
