1.202861e+04 1.197417e+04 1.196547e+04 1.203731e+04
1.201078e+04 1.197234e+04 1.196259e+04 1.202053e+04
1.201647e+04 1.197050e+04 1.195969e+04 1.202728e+04
1.198801e+04 1.196864e+04 1.195681e+04 1.199984e+04
1.195859e+04 1.196677e+04 1.195395e+04 1.197141e+04
1.194960e+04 1.196490e+04 1.195112e+04 1.196338e+04
1.191640e+04 1.196302e+04 1.194830e+04 1.193112e+04
1.189059e+04 1.196110e+04 1.194545e+04 1.190624e+04
1.186769e+04 1.195916e+04 1.194259e+04 1.188425e+04
1.186078e+04 1.195721e+04 1.193972e+04 1.187828e+04
1.189882e+04 1.195528e+04 1.193122e+04 1.192288e+04
1.194747e+04 1.195126e+04 1.191133e+04 1.198739e+04
1.198707e+04 1.194189e+04 1.190404e+04 1.202492e+04
1.199047e+04 1.193227e+04 1.192069e+04 1.200205e+04
1.196303e+04 1.192603e+04 1.194119e+04 1.194787e+04
1.194157e+04 1.192269e+04 1.195301e+04 1.191125e+04
1.192846e+04 1.192097e+04 1.195681e+04 1.189263e+04
1.195023e+04 1.191998e+04 1.195591e+04 1.191430e+04
1.191858e+04 1.191918e+04 1.195272e+04 1.188503e+04
1.185306e+04 1.191830e+04 1.194889e+04 1.182247e+04
1.184605e+04 1.191728e+04 1.195097e+04 1.181236e+04
1.186503e+04 1.191825e+04 1.196509e+04 1.181819e+04
1.190851e+04 1.192454e+04 1.196726e+04 1.186580e+04
1.189368e+04 1.193112e+04 1.194596e+04 1.187884e+04
1.188850e+04 1.193439e+04 1.192116e+04 1.190172e+04
1.193099e+04 1.193483e+04 1.190529e+04 1.196053e+04
1.194743e+04 1.193375e+04 1.189762e+04 1.198356e+04
1.192002e+04 1.193205e+04 1.189484e+04 1.195724e+04
1.188894e+04 1.193026e+04 1.189449e+04 1.192470e+04
1.189656e+04 1.192865e+04 1.189501e+04 1.193020e+04
1.194559e+04 1.192746e+04 1.189646e+04 1.197659e+04
1.200861e+04 1.194626e+04 1.192743e+04 1.202744e+04
1.207613e+04 1.201547e+04 1.202834e+04 1.206325e+04
1.215868e+04 1.208752e+04 1.212958e+04 1.211662e+04
1.222107e+04 1.212859e+04 1.218560e+04 1.216406e+04
1.233007e+04 1.214308e+04 1.220457e+04 1.226857e+04
1.239543e+04 1.214297e+04 1.220367e+04 1.233473e+04
1.230650e+04 1.213660e+04 1.219443e+04 1.224868e+04
1.221464e+04 1.212892e+04 1.218362e+04 1.215994e+04
1.217276e+04 1.212246e+04 1.217466e+04 1.212056e+04
1.223245e+04 1.211784e+04 1.216752e+04 1.218277e+04
1.227087e+04 1.209519e+04 1.213285e+04 1.223321e+04
1.220206e+04 1.202346e+04 1.202941e+04 1.219611e+04
1.201423e+04 1.194966e+04 1.192626e+04 1.203763e+04
1.185015e+04 1.190724e+04 1.186864e+04 1.188875e+04
1.178824e+04 1.189162e+04 1.184826e+04 1.183160e+04
1.171610e+04 1.189073e+04 1.184787e+04 1.175895e+04
1.164746e+04 1.189618e+04 1.185592e+04 1.168771e+04
1.163467e+04 1.190302e+04 1.186563e+04 1.167206e+04
1.165376e+04 1.190869e+04 1.187350e+04 1.168894e+04
1.178736e+04 1.191241e+04 1.187294e+04 1.182682e+04
1.188540e+04 1.191232e+04 1.185857e+04 1.193915e+04
1.186751e+04 1.190573e+04 1.185518e+04 1.191806e+04
1.184149e+04 1.189824e+04 1.187483e+04 1.186490e+04
1.182841e+04 1.189380e+04 1.189787e+04 1.182434e+04
1.189610e+04 1.189209e+04 1.191199e+04 1.187620e+04
1.200181e+04 1.189192e+04 1.191797e+04 1.197577e+04
1.196671e+04 1.189242e+04 1.191915e+04 1.193998e+04
1.188089e+04 1.189306e+04 1.191796e+04 1.185599e+04
1.184810e+04 1.189359e+04 1.191606e+04 1.182563e+04
1.190988e+04 1.189393e+04 1.191999e+04 1.188382e+04
1.192694e+04 1.189621e+04 1.193589e+04 1.188726e+04
1.196500e+04 1.190378e+04 1.193977e+04 1.192902e+04
1.198772e+04 1.191158e+04 1.192012e+04 1.197918e+04
1.189119e+04 1.191602e+04 1.189689e+04 1.191032e+04
1.183788e+04 1.191760e+04 1.188253e+04 1.187294e+04
1.183148e+04 1.191760e+04 1.187630e+04 1.187278e+04
1.188801e+04 1.191693e+04 1.187488e+04 1.193006e+04
1.191729e+04 1.191612e+04 1.187585e+04 1.195756e+04
1.195520e+04 1.191544e+04 1.187760e+04 1.199303e+04
1.194640e+04 1.191514e+04 1.188024e+04 1.198130e+04
1.190443e+04 1.193478e+04 1.191233e+04 1.192688e+04
1.192922e+04 1.200479e+04 1.201431e+04 1.191970e+04
1.207789e+04 1.207759e+04 1.211655e+04 1.203893e+04
1.221220e+04 1.211938e+04 1.217352e+04 1.215807e+04
1.227155e+04 1.213454e+04 1.219337e+04 1.221271e+04
1.224910e+04 1.213505e+04 1.219329e+04 1.219086e+04
1.228007e+04 1.212927e+04 1.218482e+04 1.222452e+04
1.233844e+04 1.212212e+04 1.217471e+04 1.228585e+04
1.232578e+04 1.211617e+04 1.216642e+04 1.227554e+04
1.224674e+04 1.211202e+04 1.215989e+04 1.219886e+04
1.215225e+04 1.208981e+04 1.212579e+04 1.211627e+04
1.213942e+04 1.201849e+04 1.202289e+04 1.213503e+04
1.213271e+04 1.194507e+04 1.192024e+04 1.215754e+04
1.196082e+04 1.190300e+04 1.186309e+04 1.200074e+04
1.177500e+04 1.188772e+04 1.184315e+04 1.181957e+04
1.170778e+04 1.188714e+04 1.184316e+04 1.175176e+04
1.171477e+04 1.189288e+04 1.185159e+04 1.175606e+04
1.167560e+04 1.189999e+04 1.186165e+04 1.171394e+04
1.164167e+04 1.190591e+04 1.186985e+04 1.167773e+04
1.161565e+04 1.190986e+04 1.186960e+04 1.165591e+04
1.168026e+04 1.190999e+04 1.185551e+04 1.173473e+04
1.176803e+04 1.190360e+04 1.185239e+04 1.181924e+04
1.183031e+04 1.189629e+04 1.187229e+04 1.185431e+04
1.185713e+04 1.189201e+04 1.189556e+04 1.185359e+04
1.189961e+04 1.189047e+04 1.190989e+04 1.188019e+04
1.193083e+04 1.189044e+04 1.191606e+04 1.190521e+04
1.195699e+04 1.189106e+04 1.191742e+04 1.193063e+04
1.201585e+04 1.189183e+04 1.191640e+04 1.199128e+04
1.197087e+04 1.189247e+04 1.191464e+04 1.194870e+04
1.193164e+04 1.189291e+04 1.191870e+04 1.190585e+04
1.191971e+04 1.189530e+04 1.193472e+04 1.188029e+04
1.194872e+04 1.190295e+04 1.193870e+04 1.191297e+04
1.200389e+04 1.191083e+04 1.191915e+04 1.199557e+04
1.206163e+04 1.191534e+04 1.189601e+04 1.208096e+04
1.210274e+04 1.191698e+04 1.188173e+04 1.213799e+04
1.209562e+04 1.191705e+04 1.187558e+04 1.213709e+04
1.207364e+04 1.191643e+04 1.187423e+04 1.211585e+04
1.201617e+04 1.191568e+04 1.187527e+04 1.205658e+04
1.195334e+04 1.191508e+04 1.187712e+04 1.199129e+04
1.195977e+04 1.191484e+04 1.187984e+04 1.199476e+04
1.203242e+04 1.193454e+04 1.191202e+04 1.205494e+04
1.211675e+04 1.200460e+04 1.201407e+04 1.210729e+04
1.220828e+04 1.207746e+04 1.211637e+04 1.216937e+04
1.238784e+04 1.211929e+04 1.217340e+04 1.233373e+04
1.241138e+04 1.213448e+04 1.219330e+04 1.235256e+04
1.241295e+04 1.213503e+04 1.219327e+04 1.235471e+04
1.227802e+04 1.212928e+04 1.218483e+04 1.222247e+04
1.219696e+04 1.212215e+04 1.217475e+04 1.214436e+04
1.214539e+04 1.211620e+04 1.216646e+04 1.209514e+04
1.201016e+04 1.211204e+04 1.215993e+04 1.196228e+04
1.178738e+04 1.208983e+04 1.212581e+04 1.175139e+04
1.172874e+04 1.201850e+04 1.202290e+04 1.172434e+04
1.165601e+04 1.194507e+04 1.192025e+04 1.168084e+04
1.162251e+04 1.190301e+04 1.186310e+04 1.166242e+04
1.169422e+04 1.188772e+04 1.184315e+04 1.173879e+04
1.166208e+04 1.188714e+04 1.184316e+04 1.170606e+04
1.160450e+04 1.189288e+04 1.185159e+04 1.164579e+04
1.160376e+04 1.189999e+04 1.186165e+04 1.164210e+04
1.165265e+04 1.190591e+04 1.186985e+04 1.168871e+04
1.168447e+04 1.190986e+04 1.186960e+04 1.172473e+04
1.167348e+04 1.190999e+04 1.185551e+04 1.172795e+04
1.165112e+04 1.190360e+04 1.185239e+04 1.170232e+04
1.167843e+04 1.189629e+04 1.187229e+04 1.170243e+04
1.177205e+04 1.189201e+04 1.189556e+04 1.176850e+04
1.185772e+04 1.189046e+04 1.190988e+04 1.183830e+04
1.188844e+04 1.189042e+04 1.191603e+04 1.186283e+04
1.193499e+04 1.189103e+04 1.191736e+04 1.190866e+04
1.199106e+04 1.189179e+04 1.191632e+04 1.196653e+04
1.200544e+04 1.189241e+04 1.191454e+04 1.198330e+04
1.199762e+04 1.189283e+04 1.191858e+04 1.197186e+04
1.199211e+04 1.189519e+04 1.193458e+04 1.195272e+04
1.204012e+04 1.190282e+04 1.193854e+04 1.200440e+04
1.201953e+04 1.191067e+04 1.191896e+04 1.201124e+04
1.195541e+04 1.191515e+04 1.189579e+04 1.197477e+04
1.190833e+04 1.191676e+04 1.188148e+04 1.194362e+04
1.188532e+04 1.191678e+04 1.187529e+04 1.192682e+04
1.186806e+04 1.191613e+04 1.187390e+04 1.191028e+04
1.192283e+04 1.191533e+04 1.187490e+04 1.196326e+04
1.205526e+04 1.191468e+04 1.187669e+04 1.209324e+04
1.210772e+04 1.191438e+04 1.187935e+04 1.214275e+04
1.209483e+04 1.193403e+04 1.191145e+04 1.211741e+04
1.209913e+04 1.200402e+04 1.201342e+04 1.208973e+04
1.210779e+04 1.207680e+04 1.211563e+04 1.206896e+04
1.223136e+04 1.211855e+04 1.217256e+04 1.217735e+04
1.227978e+04 1.213365e+04 1.219235e+04 1.222107e+04
1.218120e+04 1.213410e+04 1.219221e+04 1.212309e+04
1.199891e+04 1.212825e+04 1.218367e+04 1.194349e+04
1.188266e+04 1.212104e+04 1.217350e+04 1.183021e+04
1.188926e+04 1.211500e+04 1.216511e+04 1.183915e+04
1.193054e+04 1.211076e+04 1.215850e+04 1.188280e+04
1.196933e+04 1.208845e+04 1.212429e+04 1.193349e+04
1.204054e+04 1.201702e+04 1.202127e+04 1.203629e+04
1.200334e+04 1.194348e+04 1.191850e+04 1.202832e+04
1.192737e+04 1.190129e+04 1.186123e+04 1.196743e+04
1.189377e+04 1.188587e+04 1.184115e+04 1.193850e+04
1.180771e+04 1.188514e+04 1.184101e+04 1.185184e+04
1.172609e+04 1.189071e+04 1.184925e+04 1.176755e+04
1.176921e+04 1.189762e+04 1.185910e+04 1.180773e+04
1.177244e+04 1.190332e+04 1.186707e+04 1.180870e+04
1.184741e+04 1.190703e+04 1.186655e+04 1.188789e+04
1.188548e+04 1.190690e+04 1.185218e+04 1.194019e+04
1.191680e+04 1.190023e+04 1.184876e+04 1.196827e+04
1.192620e+04 1.189262e+04 1.186833e+04 1.195049e+04
1.197296e+04 1.188802e+04 1.189124e+04 1.196973e+04
1.210242e+04 1.188612e+04 1.190519e+04 1.208335e+04
1.210801e+04 1.188572e+04 1.191095e+04 1.208278e+04
1.206663e+04 1.188594e+04 1.191187e+04 1.204070e+04
1.204282e+04 1.188627e+04 1.191038e+04 1.201871e+04
1.200622e+04 1.188645e+04 1.190812e+04 1.198454e+04
1.195766e+04 1.188639e+04 1.191167e+04 1.193238e+04
1.186770e+04 1.188824e+04 1.192713e+04 1.182881e+04
1.183404e+04 1.189533e+04 1.193054e+04 1.179884e+04
1.186802e+04 1.190261e+04 1.191037e+04 1.186026e+04
1.188658e+04 1.190649e+04 1.188658e+04 1.190649e+04
1.194947e+04 1.190747e+04 1.187162e+04 1.198532e+04
1.202077e+04 1.190682e+04 1.186475e+04 1.206285e+04
1.202567e+04 1.190547e+04 1.186265e+04 1.206848e+04
1.195656e+04 1.190392e+04 1.186288e+04 1.199760e+04
1.196197e+04 1.190246e+04 1.186385e+04 1.200058e+04
1.201546e+04 1.190131e+04 1.186563e+04 1.205114e+04
1.195968e+04 1.192007e+04 1.189683e+04 1.198292e+04
1.192667e+04 1.198915e+04 1.199786e+04 1.191796e+04
1.188627e+04 1.206098e+04 1.209913e+04 1.184812e+04
1.189591e+04 1.210176e+04 1.215509e+04 1.184258e+04
1.213827e+04 1.211587e+04 1.217391e+04 1.208024e+04
1.230513e+04 1.211533e+04 1.217279e+04 1.224766e+04
1.235277e+04 1.210846e+04 1.216328e+04 1.229796e+04
1.230283e+04 1.210026e+04 1.215219e+04 1.225090e+04
1.219636e+04 1.209328e+04 1.214297e+04 1.214667e+04
1.203644e+04 1.208812e+04 1.213556e+04 1.198899e+04
1.187163e+04 1.206490e+04 1.210061e+04 1.183592e+04
1.175331e+04 1.199258e+04 1.199688e+04 1.174901e+04
1.173377e+04 1.191817e+04 1.189344e+04 1.175849e+04
1.170625e+04 1.187512e+04 1.183554e+04 1.174583e+04
1.172698e+04 1.185887e+04 1.181488e+04 1.177097e+04
1.183142e+04 1.185733e+04 1.181423e+04 1.187453e+04
1.190932e+04 1.186215e+04 1.182206e+04 1.194941e+04
1.193251e+04 1.186837e+04 1.183159e+04 1.196929e+04
1.192440e+04 1.187345e+04 1.183943e+04 1.195842e+04
