1.268333e+04 1.269134e+04 1.267294e+04 1.270173e+04
1.265574e+04 1.268899e+04 1.266956e+04 1.267516e+04
1.274529e+04 1.268675e+04 1.266629e+04 1.276575e+04
1.274542e+04 1.268462e+04 1.266318e+04 1.276686e+04
1.272831e+04 1.268259e+04 1.266022e+04 1.275068e+04
1.266643e+04 1.268067e+04 1.265741e+04 1.268969e+04
1.266497e+04 1.267884e+04 1.265475e+04 1.268906e+04
1.258060e+04 1.267706e+04 1.265218e+04 1.260548e+04
1.249566e+04 1.267535e+04 1.264969e+04 1.252132e+04
1.252761e+04 1.267372e+04 1.264723e+04 1.255409e+04
1.262877e+04 1.267235e+04 1.263543e+04 1.266569e+04
1.273035e+04 1.269260e+04 1.262959e+04 1.279337e+04
1.280859e+04 1.276768e+04 1.270962e+04 1.286665e+04
1.287714e+04 1.284582e+04 1.283390e+04 1.288906e+04
1.294841e+04 1.289020e+04 1.292489e+04 1.291372e+04
1.295319e+04 1.290561e+04 1.296688e+04 1.289191e+04
1.299157e+04 1.290514e+04 1.297644e+04 1.292027e+04
1.304065e+04 1.289789e+04 1.296988e+04 1.296867e+04
1.294123e+04 1.288926e+04 1.295768e+04 1.287281e+04
1.286264e+04 1.288198e+04 1.294587e+04 1.279875e+04
1.285311e+04 1.287673e+04 1.294639e+04 1.278345e+04
1.295051e+04 1.285183e+04 1.294416e+04 1.285818e+04
1.287905e+04 1.277347e+04 1.285851e+04 1.279401e+04
1.273526e+04 1.269285e+04 1.273016e+04 1.269794e+04
1.261491e+04 1.264644e+04 1.263598e+04 1.262537e+04
1.257682e+04 1.262925e+04 1.259128e+04 1.261479e+04
1.261140e+04 1.262810e+04 1.257932e+04 1.266018e+04
1.245140e+04 1.263387e+04 1.258368e+04 1.250160e+04
1.238472e+04 1.264115e+04 1.259386e+04 1.243201e+04
1.252668e+04 1.264716e+04 1.260382e+04 1.257001e+04
1.260343e+04 1.265118e+04 1.260519e+04 1.264942e+04
1.269919e+04 1.266805e+04 1.260903e+04 1.275820e+04
1.283179e+04 1.272099e+04 1.266865e+04 1.288413e+04
1.281250e+04 1.277531e+04 1.275466e+04 1.283315e+04
1.282838e+04 1.280628e+04 1.281634e+04 1.281831e+04
1.291461e+04 1.281734e+04 1.284471e+04 1.288724e+04
1.291478e+04 1.281750e+04 1.285135e+04 1.288093e+04
1.282222e+04 1.281298e+04 1.284729e+04 1.278790e+04
1.274323e+04 1.280746e+04 1.283952e+04 1.271117e+04
1.282198e+04 1.280284e+04 1.283205e+04 1.279277e+04
1.285929e+04 1.279957e+04 1.283238e+04 1.282648e+04
1.288256e+04 1.278291e+04 1.282931e+04 1.283616e+04
1.285534e+04 1.272981e+04 1.276977e+04 1.281539e+04
1.275746e+04 1.267516e+04 1.268343e+04 1.274919e+04
1.261003e+04 1.264380e+04 1.262123e+04 1.263260e+04
1.266327e+04 1.263232e+04 1.259230e+04 1.270329e+04
1.248403e+04 1.263176e+04 1.258507e+04 1.253072e+04
1.246524e+04 1.263590e+04 1.258858e+04 1.251256e+04
1.247911e+04 1.264107e+04 1.259583e+04 1.252435e+04
1.258470e+04 1.264537e+04 1.260279e+04 1.262727e+04
1.265758e+04 1.264839e+04 1.259840e+04 1.270756e+04
1.272919e+04 1.267169e+04 1.259782e+04 1.280307e+04
1.279835e+04 1.274892e+04 1.268148e+04 1.286578e+04
1.285054e+04 1.282866e+04 1.280838e+04 1.287082e+04
1.297071e+04 1.287434e+04 1.290141e+04 1.294363e+04
1.296206e+04 1.289089e+04 1.294513e+04 1.290781e+04
1.298517e+04 1.289144e+04 1.295623e+04 1.292039e+04
1.296337e+04 1.288512e+04 1.295106e+04 1.289743e+04
1.293484e+04 1.287731e+04 1.294011e+04 1.287204e+04
1.286782e+04 1.287080e+04 1.292944e+04 1.280918e+04
1.295779e+04 1.286626e+04 1.293100e+04 1.289305e+04
1.297836e+04 1.284203e+04 1.292975e+04 1.289064e+04
1.298647e+04 1.276430e+04 1.284503e+04 1.290573e+04
1.280768e+04 1.268427e+04 1.271755e+04 1.277440e+04
1.262675e+04 1.263841e+04 1.262418e+04 1.264098e+04
1.247302e+04 1.262174e+04 1.258024e+04 1.251451e+04
1.242231e+04 1.262109e+04 1.256899e+04 1.247441e+04
1.246942e+04 1.262733e+04 1.257404e+04 1.252272e+04
1.257946e+04 1.263507e+04 1.258488e+04 1.262965e+04
1.258748e+04 1.264151e+04 1.259549e+04 1.263350e+04
1.259064e+04 1.264595e+04 1.259746e+04 1.263913e+04
1.255773e+04 1.266320e+04 1.260187e+04 1.261906e+04
1.257954e+04 1.271650e+04 1.266202e+04 1.263403e+04
1.278216e+04 1.277116e+04 1.274852e+04 1.280479e+04
1.286775e+04 1.280244e+04 1.281067e+04 1.285952e+04
1.282790e+04 1.281379e+04 1.283947e+04 1.280222e+04
1.279000e+04 1.281421e+04 1.284650e+04 1.275771e+04
1.283284e+04 1.280993e+04 1.284279e+04 1.279998e+04
1.292044e+04 1.280463e+04 1.283535e+04 1.288973e+04
1.287993e+04 1.280021e+04 1.282818e+04 1.285197e+04
1.276457e+04 1.279713e+04 1.282878e+04 1.273292e+04
1.275780e+04 1.278064e+04 1.282597e+04 1.271247e+04
1.283777e+04 1.272771e+04 1.276667e+04 1.279881e+04
1.284463e+04 1.267322e+04 1.268056e+04 1.283728e+04
1.274847e+04 1.264200e+04 1.261857e+04 1.277189e+04
1.255941e+04 1.263065e+04 1.258983e+04 1.260022e+04
1.253980e+04 1.263022e+04 1.258279e+04 1.258723e+04
1.259279e+04 1.263448e+04 1.258647e+04 1.264081e+04
1.247025e+04 1.263978e+04 1.259390e+04 1.251613e+04
1.246474e+04 1.264420e+04 1.260104e+04 1.250790e+04
1.242777e+04 1.264735e+04 1.259683e+04 1.247829e+04
1.254944e+04 1.267078e+04 1.259643e+04 1.262379e+04
1.268888e+04 1.274811e+04 1.268025e+04 1.275673e+04
1.281959e+04 1.282794e+04 1.280729e+04 1.284024e+04
1.285564e+04 1.287371e+04 1.290046e+04 1.282890e+04
1.292893e+04 1.289034e+04 1.294430e+04 1.287497e+04
1.290662e+04 1.289097e+04 1.295550e+04 1.284209e+04
1.300050e+04 1.288470e+04 1.295043e+04 1.293477e+04
1.306108e+04 1.287694e+04 1.293955e+04 1.299847e+04
1.306008e+04 1.287045e+04 1.292893e+04 1.300161e+04
1.301558e+04 1.286592e+04 1.293052e+04 1.295098e+04
1.295388e+04 1.284171e+04 1.292929e+04 1.286630e+04
1.288891e+04 1.276399e+04 1.284459e+04 1.280831e+04
1.286504e+04 1.268397e+04 1.271712e+04 1.283189e+04
1.284493e+04 1.263813e+04 1.262377e+04 1.285929e+04
1.274030e+04 1.262147e+04 1.257985e+04 1.278192e+04
1.276896e+04 1.262083e+04 1.256862e+04 1.282117e+04
1.266561e+04 1.262709e+04 1.257368e+04 1.271902e+04
1.259009e+04 1.263485e+04 1.258455e+04 1.264039e+04
1.256922e+04 1.264133e+04 1.259520e+04 1.261535e+04
1.265240e+04 1.264579e+04 1.259721e+04 1.270098e+04
1.271691e+04 1.266307e+04 1.260166e+04 1.277831e+04
1.280390e+04 1.271640e+04 1.266185e+04 1.285845e+04
1.283053e+04 1.277108e+04 1.274840e+04 1.285321e+04
1.303513e+04 1.280238e+04 1.281057e+04 1.302694e+04
1.305520e+04 1.281375e+04 1.283939e+04 1.302957e+04
1.302673e+04 1.281420e+04 1.284646e+04 1.299447e+04
1.276628e+04 1.280994e+04 1.284279e+04 1.273343e+04
1.269794e+04 1.280465e+04 1.283537e+04 1.266722e+04
1.267931e+04 1.280023e+04 1.282821e+04 1.265133e+04
1.270451e+04 1.279715e+04 1.282881e+04 1.267285e+04
1.255166e+04 1.278066e+04 1.282599e+04 1.250632e+04
1.261656e+04 1.272772e+04 1.276668e+04 1.257760e+04
1.251756e+04 1.267322e+04 1.268057e+04 1.251021e+04
1.245520e+04 1.264200e+04 1.261858e+04 1.247862e+04
1.262277e+04 1.263065e+04 1.258984e+04 1.266359e+04
1.254114e+04 1.263022e+04 1.258279e+04 1.258857e+04
1.246278e+04 1.263448e+04 1.258647e+04 1.251079e+04
1.244650e+04 1.263978e+04 1.259390e+04 1.249238e+04
1.252662e+04 1.264420e+04 1.260104e+04 1.256979e+04
1.249068e+04 1.264735e+04 1.259683e+04 1.254120e+04
1.246208e+04 1.267078e+04 1.259643e+04 1.253643e+04
1.242639e+04 1.274811e+04 1.268025e+04 1.249425e+04
1.243123e+04 1.282794e+04 1.280729e+04 1.245189e+04
1.266891e+04 1.287371e+04 1.290047e+04 1.264215e+04
1.275616e+04 1.289032e+04 1.294429e+04 1.270220e+04
1.289245e+04 1.289094e+04 1.295547e+04 1.282792e+04
1.297360e+04 1.288467e+04 1.295038e+04 1.290789e+04
1.304471e+04 1.287692e+04 1.293951e+04 1.298212e+04
1.308838e+04 1.287045e+04 1.292891e+04 1.302993e+04
1.302976e+04 1.286595e+04 1.293053e+04 1.296518e+04
1.295715e+04 1.284177e+04 1.292935e+04 1.286958e+04
1.284825e+04 1.276408e+04 1.284469e+04 1.276764e+04
1.273640e+04 1.268410e+04 1.271727e+04 1.270323e+04
1.261410e+04 1.263830e+04 1.262397e+04 1.262843e+04
1.253688e+04 1.262169e+04 1.258012e+04 1.257846e+04
1.249835e+04 1.262110e+04 1.256895e+04 1.255049e+04
1.248508e+04 1.262739e+04 1.257408e+04 1.253840e+04
1.261435e+04 1.263518e+04 1.258500e+04 1.266454e+04
1.275071e+04 1.264168e+04 1.259567e+04 1.279672e+04
1.277099e+04 1.264617e+04 1.259772e+04 1.281943e+04
1.271151e+04 1.266347e+04 1.260220e+04 1.277277e+04
1.279976e+04 1.271683e+04 1.266242e+04 1.285417e+04
1.278474e+04 1.277153e+04 1.274900e+04 1.280727e+04
1.293090e+04 1.280286e+04 1.281122e+04 1.292254e+04
1.300653e+04 1.281427e+04 1.284008e+04 1.298072e+04
1.288971e+04 1.281476e+04 1.284721e+04 1.285727e+04
1.271720e+04 1.281056e+04 1.284361e+04 1.268415e+04
1.265160e+04 1.280534e+04 1.283627e+04 1.262067e+04
1.278428e+04 1.280101e+04 1.282922e+04 1.275607e+04
1.278404e+04 1.279803e+04 1.282995e+04 1.275211e+04
1.282372e+04 1.278164e+04 1.282728e+04 1.277808e+04
1.296310e+04 1.272882e+04 1.276812e+04 1.292380e+04
1.283593e+04 1.267445e+04 1.268218e+04 1.282821e+04
1.271976e+04 1.264337e+04 1.262038e+04 1.274275e+04
1.251485e+04 1.263217e+04 1.259183e+04 1.255519e+04
1.249035e+04 1.263190e+04 1.258501e+04 1.253725e+04
1.247649e+04 1.263633e+04 1.258891e+04 1.252390e+04
1.262188e+04 1.264179e+04 1.259658e+04 1.266709e+04
1.262429e+04 1.264638e+04 1.260395e+04 1.266673e+04
1.263371e+04 1.264971e+04 1.259998e+04 1.268344e+04
1.265928e+04 1.267333e+04 1.259983e+04 1.273277e+04
1.273502e+04 1.275087e+04 1.268393e+04 1.280195e+04
1.274507e+04 1.283093e+04 1.281128e+04 1.276472e+04
1.283560e+04 1.287694e+04 1.290477e+04 1.280777e+04
1.299249e+04 1.289384e+04 1.294897e+04 1.293736e+04
1.300256e+04 1.289476e+04 1.296055e+04 1.293676e+04
1.307893e+04 1.288882e+04 1.295591e+04 1.301185e+04
1.309192e+04 1.288143e+04 1.294552e+04 1.302784e+04
1.312713e+04 1.287538e+04 1.293545e+04 1.306705e+04
1.303065e+04 1.287131e+04 1.293766e+04 1.296431e+04
1.273294e+04 1.284761e+04 1.293711e+04 1.264343e+04
1.258017e+04 1.277042e+04 1.285314e+04 1.249745e+04
1.249193e+04 1.269099e+04 1.272645e+04 1.245646e+04
1.245623e+04 1.264576e+04 1.263394e+04 1.246805e+04
1.263998e+04 1.262976e+04 1.259091e+04 1.267883e+04
1.266242e+04 1.262982e+04 1.258063e+04 1.271160e+04
1.259522e+04 1.263681e+04 1.258670e+04 1.264533e+04
1.254500e+04 1.264532e+04 1.259861e+04 1.259172e+04
1.260228e+04 1.265257e+04 1.261031e+04 1.264454e+04
1.267188e+04 1.265783e+04 1.261342e+04 1.271629e+04
1.257024e+04 1.267596e+04 1.261903e+04 1.262718e+04
1.254614e+04 1.273020e+04 1.268044e+04 1.259590e+04
1.248848e+04 1.278583e+04 1.276828e+04 1.250603e+04
1.258122e+04 1.281814e+04 1.283182e+04 1.256753e+04
1.294301e+04 1.283058e+04 1.286210e+04 1.291150e+04
1.299724e+04 1.283216e+04 1.287071e+04 1.295870e+04
1.310646e+04 1.282911e+04 1.286867e+04 1.306691e+04
1.294645e+04 1.282514e+04 1.286301e+04 1.290858e+04
1.288203e+04 1.282215e+04 1.285777e+04 1.284641e+04
1.282336e+04 1.282058e+04 1.286044e+04 1.278351e+04
1.276194e+04 1.280570e+04 1.285981e+04 1.270782e+04
1.273450e+04 1.275444e+04 1.280281e+04 1.268613e+04
1.268779e+04 1.270170e+04 1.271912e+04 1.267038e+04
1.257232e+04 1.267232e+04 1.265966e+04 1.258499e+04
1.258910e+04 1.266290e+04 1.263355e+04 1.261845e+04
1.265140e+04 1.266447e+04 1.262928e+04 1.268659e+04
1.274480e+04 1.267079e+04 1.263585e+04 1.277974e+04
1.281641e+04 1.267812e+04 1.264618e+04 1.284835e+04
1.278215e+04 1.268456e+04 1.265566e+04 1.281105e+04
