0.001274  0.000696641  -0.00051359  3.24157e-05  0.0287568  0.0168676  
0.00126049  0.000696641  -0.00051359  3.24148e-05  0.0234111  0.0282233  
0.00133767  0.000696641  -0.00051359  3.24151e-05  0.0268938  0.0279574  
0.00143945  0.000869773  -0.00051359  3.63061e-05  0.0323677  0.0380612  
0.00163057  0.000931356  -0.00051359  -0.00685254  0.0220655  0.0131023  
0.00175521  0.000460166  -0.00051359  -5.87399e-05  0.0323154  0.0196726  
0.00123103  0.000524537  -0.00051359  -5.40141e-05  0.032368  0.0296923  
0.00117895  0.000419513  -0.00051359  -6.58452e-05  0.0323735  0.03074  
0.0013467  0.000861762  -0.00051359  -1.82206e-05  0.0323574  0.0279441  
0.00117895  0.000417396  -0.000854561  -5.55183e-05  0.0323715  0.037747  
0.00131121  0.000765848  -0.0010083  -2.46582e-05  0.0323591  0.0266295  
0.00145651  0.000387806  -0.000809568  -0.00256372  0.0323555  0.0200292  
0.00151335  0.000679609  -0.000364901  -1.6407e-05  0.0323443  0.0287466  
0.00154581  0.000328714  -0.000439416  -5.36808e-05  0.0323321  0.02857  
0.0013778  0.00041912  -0.000306687  -4.31648e-05  0.0323433  0.0232131  
0.00161128  0.00041912  -0.000364901  -4.4536e-05  0.0323164  0.0153467  
0.00142895  0.00041912  -0.000809675  -5.15512e-05  0.032342  0.0246438  
0.00106465  0.00041912  -0.000513025  -4.36881e-05  0.0323704  0.0239232  
0.00117895  0.00041912  -0.000494668  -4.30226e-05  0.0323673  0.0334451  
0.00117895  0.000419119  -0.000439484  -3.96485e-05  0.0323676  0.024856  
0.00106118  0.00041912  -0.000654492  -3.42354e-05  0.0236191  0.0301137  
0.000729543  0.00041912  -0.000654493  -3.42374e-05  0.0233047  0.0372333  
0.000729543  0.000185138  -0.00057581  -5.29687e-05  0.0196767  0.022032  
0.00130205  0.000309511  -0.000654493  -3.91972e-05  0.0294424  0.0207537  
0.000663435  0.00041912  -0.000584786  -0.00524946  0.0222892  0.0275223  
0.000729543  0.000551025  -0.000342463  -3.63435e-05  0.0239768  0.0198225  
0.000729543  0.00041912  -0.000131418  -6.40362e-05  0.0187065  0.0103622  
0.000577334  0.000357549  -0.000518682  -4.66788e-05  0.0324231  0.0177398  
0.000729543  0.00041912  -0.000159086  -6.17727e-05  0.0324132  0.0379787  
0.000729543  0.00041912  -0.000658632  -2.08973e-05  0.00422214  0.0129561  
0.000729543  -3.92474e-05  -0.000422157  -6.37672e-05  0.0157688  0.0218228  
0.000397475  0.000463974  -0.000293727  -3.83558e-05  0.0324238  0.0197828  
0.000729543  0.000463974  -0.000333389  -3.49523e-05  0.0115401  0.0109364  
0.000729543  0.000463974  -0.000422746  -0.00412828  0.0228802  0.026488  
0.000729543  0.000463974  -0.000422746  -3.18491e-05  0.0324098  0.037981  
0.000729543  0.00029963  -0.000422746  0.00843171  0.0204969  0.0113034  
0.000729543  0.000134559  -0.000422746  -0.00207625  0.0324099  0.0379881  
0.000831966  8.19186e-06  -0.000316912  -3.28444e-05  0.0172985  0.019372  
0.000729543  0.00022867  -0.000364309  -4.10919e-05  0.0223603  0.0254439  
0.000729543  0.000435738  -0.000532876  -4.14336e-05  0.0324053  0.0260803  
0.000427082  0.000355846  -0.000422746  -0.00347176  0.0324201  0.02322  
0.00107585  0.000435738  -0.000422746  -4.27458e-05  0.0279997  0.00908153  
0.000661411  0.000435738  -0.000422746  -4.27485e-05  0.0259649  0.0208464  
0.000359836  0.000263112  -0.000422746  -4.17844e-05  0.02598  0.0176292  
0.000660999  0.000435738  -0.000741508  -3.33534e-05  0.0259545  0.00882535  
0.000589386  0.000435738  -0.000422747  -4.27501e-05  0.0183098  0.00517206  
0.000243091  0.000435738  -0.000422747  0.00464047  0.0259793  0.0414669  
0.00052791  0.000435738  -0.000422747  -4.27485e-05  0.0218265  0.0115155  
-0.000166856  0.000435738  -0.000422747  -4.27485e-05  0.0126992  0.0253322  
-0.000166856  0.000435738  -0.000422747  -4.27485e-05  0.0126992  0.0176375  
0.00032192  0.000161035  -0.000422747  -5.44662e-05  0.0127134  0.0171467  
-0.000166856  0.000435738  -0.000422747  -0.00431784  0.016344  0.0179864  
0.00022949  0.00023873  -0.000422747  -4.96799e-05  0.0258227  0.022798  
0.000153908  5.9432e-05  -0.000422747  -5.57661e-05  0.00835795  0.00555588  
0.000548198  0.000435739  -0.000422747  -4.27485e-05  0.0191689  0.0160151  
-6.56722e-05  -7.05919e-05  -0.000422747  -4.28302e-05  0.0411562  0.0322587  
0.000426792  0.000239817  6.97371e-06  -4.36963e-05  0.01605  0.0260398  
0.000149812  0.000101626  -0.000467206  -6.32099e-05  0.00717081  0.0270352  
-0.000166856  0.000435739  -0.000467206  -4.94128e-05  0.0229669  0.0324399  
2.69831e-05  0.000435739  -0.000467206  0.0078129  0.0137953  0.0245384  
0.000214459  0.000435739  -0.000186256  -4.08054e-05  0.00715553  0.0135138  
-0.000166856  0.000435739  2.4306e-05  -3.4354e-05  0.0170112  0.00826724  
-0.000398927  0.000262235  2.4306e-05  -3.84796e-05  0.0218211  0.0266575  
0.000365098  0.000174273  2.4306e-05  -5.49945e-05  0.00714488  0.00891858  
-0.000166856  -1.13774e-05  -0.000415995  -5.36133e-05  0.00718603  0.0216059  
9.6528e-05  -6.54087e-05  -0.000415995  -4.63804e-05  0.00717791  0.00893275  
-0.000375968  9.30787e-06  3.96198e-05  0.0103976  0.00955172  0.0089117  
-0.000166856  0.00023634  -0.000381038  -4.60231e-05  0.00718091  0.00892328  
-0.0003707  -1.36598e-05  -0.000258033  -7.57547e-05  0.012452  0.00892152  
4.51962e-05  -1.48509e-05  -0.000193515  -8.04462e-05  0.00717418  -0.000988639  
-0.000236767  -7.04543e-05  -0.000298355  -9.07591e-05  0.019865  0.0165648  
-0.000388191  -9.10641e-05  -0.000143765  -0.000105519  0.00719785  0.00647015  
-0.000101175  -2.31353e-05  -0.000305745  -0.000104672  0.00717169  0.0170813  
-0.000397811  -2.31353e-05  -0.000276589  -0.000107584  0.00718101  0.0118682  
1.14369e-05  4.23373e-05  -1.58797e-05  -0.000108427  0.0385417  0.0059309  
0.000254126  3.19938e-06  -0.000208029  0.0103043  0.00716875  0.016065  
1.14369e-05  3.19938e-06  -0.000289673  0.00570626  0.0071655  0.0125414  
-0.000248726  3.19938e-06  -0.000289673  0.00414996  0.021806  0.0125475  
6.25587e-05  3.19938e-06  -0.000289673  -0.000109105  0.0156208  0.0125407  
0.000457346  3.19938e-06  -0.000289673  -0.000109105  0.0230866  0.0100391  
1.14369e-05  0.000149756  -0.000289673  -0.000109033  0.0324435  0.0352857  
-0.000434646  8.77094e-05  -0.000289673  -0.000104483  0.00718989  0.012549  
-3.16196e-05  0.00017522  -0.00017504  0.00977286  0.00716174  0.00884992  
-0.000139875  0.000398969  -0.000289674  -7.32667e-05  0.0198432  0.0125376  
-0.000217851  -5.62416e-05  -0.000289674  -8.75281e-05  0.0071831  0.0125337  
-0.000434646  8.1713e-05  -0.000289674  0.0131556  0.00718989  0.00481578  
-0.000249302  0.00039228  -0.000343232  0.0111741  0.00717956  0.0272965  
-0.000464558  2.65932e-05  -0.000289674  -4.74793e-05  0.00714197  0.0130235  
2.80005e-05  -6.98369e-05  -0.000289674  0.0123226  -0.00048721  0.00291336  
-0.000138382  9.02263e-05  -0.000702633  -5.89422e-05  0.00714151  -0.000466292  
-0.000569258  -0.000127064  -0.000289674  0.0140415  0.0178504  0.025514  
-0.000284874  -0.000267233  -0.000289674  0.0144697  0.00713691  0.010787  
-0.000301425  0.000122692  -0.000289674  0.01431  0.0071312  0.00850389  
-8.22273e-05  -2.89004e-05  -0.000289674  -6.68741e-05  0.00712525  0.00850302  
-0.000365627  -2.89004e-05  -0.000289674  -6.68744e-05  0.0184196  0.00532306  
-0.000464497  -2.89004e-05  -0.000234424  -6.62059e-05  0.00713502  0.0084975  
-0.000235745  -2.89004e-05  -0.000282884  -8.23124e-05  0.00714  0.00850229  
-0.000427116  -2.89004e-05  -0.000282884  -8.23124e-05  0.0135149  0.00851786  
-0.000133721  0.000264055  -0.000282884  0.00461891  0.00713044  0.00850189  
-2.47717e-05  0.000436462  -0.000282884  -8.03214e-05  0.00712998  0.00849864  
-0.00042946  2.69691e-05  -0.000282884  -7.19429e-05  0.0143399  0.0261382  
-0.000310631  2.18257e-05  -0.000282884  -8.18189e-05  0.0117513  0.00848738  
-0.000314067  7.71403e-05  -0.000282884  -8.16567e-05  0.00713082  0.0184728  
-0.000431942  2.18257e-05  -0.000226936  -8.09115e-05  0.0071202  0.00849379  
-0.000431942  2.18257e-05  -0.000282884  0.00789957  0.0311186  0.0230798  
1.3942e-05  2.18257e-05  -0.000118168  -8.18189e-05  0.00130068  0.00849379  
-0.000438534  7.23317e-05  -0.000216695  -8.00833e-05  0.0125991  0.0296911  
-0.000443604  2.18257e-05  -0.000282884  0.00743542  0.00710031  0.00989657  
-0.000352362  2.18257e-05  -0.000282885  -8.18183e-05  0.00710313  0.00579699  
-0.000594293  2.18257e-05  -3.65544e-05  0.00967873  0.00711858  0.015408  
-0.000718706  2.18257e-05  -0.00023748  -9.47437e-05  0.0206173  0.00044234  
-0.000775168  -5.87152e-05  -3.99027e-05  0.00612883  -0.0127215  -0.0110842  
-0.000586005  -0.000122801  0.000143105  -9.39347e-05  0.0391276  0.00355412  
-0.000192767  2.18257e-05  0.000106994  -0.000108804  0.0147795  0.0148325  
-0.000549765  -0.000236445  -3.66718e-05  -0.00010486  0.0147814  0.0122151  
-0.000367387  -0.000384337  0.000219178  0.00890524  0.0148096  0.0243524  
-0.000288346  0.000103199  -0.000136309  0.00256447  0.0148353  0.0103614  
-5.07086e-05  -0.000384337  -8.0693e-05  0.00367973  0.0148665  0.0250606  
-0.000398958  -0.000246718  -0.000232988  0.0132369  0.002714  -0.00771391  
-0.000430993  0.00019218  -0.000232988  -0.00752333  0.0245027  0.0188562  
-0.000672841  -0.000290629  -0.000167057  0.0207399  0.0147869  0.00917528  
-0.00097551  -0.000380829  -0.000232988  0.013964  0.0148069  -0.00172784  
-0.000703193  -0.000239654  -0.000232988  0.0369014  0.00476259  0.0188919  
-0.00125018  -0.000546208  -0.000232988  0.018437  0.0147795  0.00451858  
-0.000893433  -0.000252205  -0.000152378  0.0209682  -0.0115982  -0.0278793  
-0.00125018  -0.000252205  -0.000260207  0.0180264  0.0097026  0.0208808  
-0.00125018  -0.000252205  -0.000176612  0.0158784  -0.00277168  -0.0149529  
-0.00109948  -0.000252205  0.000165785  -0.00028954  -0.00178977  0.00385296  
-0.000819793  -0.000460479  0.000119143  0.0130524  0.0176169  0.00388906  
-0.000397091  -0.000156959  0.000266195  0.0196502  0.0171084  -0.00440062  
-0.000766527  -0.000237973  0.000266195  0.0152144  0.0175012  0.00388045  
-0.000766527  -0.000237973  -4.95877e-05  0.0135971  0.0270446  0.0196002  
-0.000502386  -0.000237973  9.19075e-05  0.0256285  0.00874255  -0.0003028  
-0.000655663  -0.000603973  9.19076e-05  0.0187562  0.0137056  0.0141394  
-0.000766527  -0.000392243  0.00020349  0.0230052  0.0270441  0.00301166  
-0.000330749  -0.000437051  0.000498667  0.0147992  0.027057  0.00976697  
-0.000572228  -0.000379857  6.28925e-05  0.0229566  0.0137179  0.003008  
-0.000474464  -0.000222923  0.000123754  0.0175763  0.0270494  0.0278352  
-0.000473402  -0.000489815  -9.87114e-06  0.0122972  0.0270518  0.0168339  
-0.000330749  -0.000222923  0.000280928  0.00234331  0.0270588  0.000804738  
-0.00056806  -0.00071917  0.000425184  0.0204073  0.0214011  0.0126515  
-0.000790818  -0.000237696  0.000425184  -0.00154707  0.0247273  0.0168439  
-0.000601629  -0.00071917  0.000425184  0.0217437  0.0270678  0.000816938  
-0.000422342  -0.000190216  0.000425184  0.00444259  0.027081  -0.00232604  
-0.000845377  -0.000622162  0.000330686  0.000219539  0.0270594  0.0345319  
-0.000696174  -0.000190216  0.000323286  0.00675913  0.0270608  -0.0110326  
-0.00059639  -0.000651109  0.000438544  0.021194  0.0175783  0.0110948  
-0.000551688  -0.000651109  0.000323286  0.0132926  0.0270588  0.00820506  
-0.000414701  -0.000651109  0.000323286  0.0147349  0.0270682  -0.00440434  
-0.000884423  -0.00108282  0.000323286  0.0129288  0.027061  0.0149353  
-0.000696381  -0.000651109  0.000573286  0.020161  0.0270594  0.0153937  
-0.000542672  -0.000236484  0.000323286  0.0059851  0.0169611  0.0126625  
-0.000667914  -0.000637875  0.000323286  0.00180341  0.0270718  0.0179132  
-0.000790818  -0.00108016  0.000323286  0.0120545  0.0246282  0.00197752  
-0.000428034  -0.000532129  0.000323286  0.00222617  0.0270749  0.0110609  
-0.000733148  -0.00110552  0.000323286  0.0246688  0.0220416  0.00559209  
-0.00042873  -0.00110076  0.000323286  0.0123898  0.0270852  -0.00306505  
-0.00104148  -0.00110137  0.000323286  0.0171301  0.0270557  0.0111068  
-0.000790818  -0.000540476  -0.00018296  0.0182388  0.0291365  -0.000103782  
-0.000958129  -0.000540476  0.000500377  0.000983045  0.0270964  0.0209341  
-0.000790818  -0.000848452  0.00027676  -0.00486651  0.0270756  -0.0246162  
-0.00120497  -0.000540476  0.000223079  0.00870964  0.0103643  0.0252862  
-0.00036152  -0.000595992  0.00019674  -0.00486732  0.00340716  -0.017188  
-0.000848873  -0.000738664  0.000285765  -0.00484736  0.0174928  0.0298058  
-0.000657366  -0.000540476  0.000181069  -0.00486027  0.016924  0.00791099  
-0.000432077  -0.000540476  0.000181069  0.0017404  0.00883629  0.0206809  
-0.000720587  -0.000540476  0.000181069  0.00675996  0.0191804  0.00425815  
-0.000440108  -0.000540476  0.000431069  -0.00486381  0.0474048  0.0221532  
-0.000710113  -0.000540476  0.000920918  0.010814  0.0178662  -0.0115453  
-0.000650482  -0.000641577  5.70743e-05  0.00475846  0.0178596  0.0126192  
-0.000484724  -0.00115655  0.000136576  0.0180948  0.0390663  0.00489194  
-0.000644948  -0.000540476  0.00023777  -0.0048999  0.0178499  0.00486373  
-0.000644212  -0.000437647  -0.000178839  -0.00491942  0.0461368  0.0115967  
-0.000737631  -0.000540476  0.00023777  0.0125604  0.0117472  -0.0214218  
-0.000423154  -0.000618415  0.000161682  0.0110415  0.0285192  0.0135971  
-0.000759602  -0.000540476  0.00023777  0.0117573  0.0284968  0.0208754  
-0.000212132  -0.000655545  0.00023777  0.0046734  0.0285105  0.0121562  
-0.000560505  -0.000737311  0.000134437  -0.00489816  0.0285087  0.0176954  
-0.000575548  -0.000540476  1.41825e-05  0.00965304  0.028505  0.0335005  
-0.000406492  -0.000540476  0.00023777  0.01181  0.0284988  -0.00129661  
-0.000408617  -0.000540476  0.00023777  0.00581367  0.0285098  0.017481  
-0.000811486  -0.000649369  0.000237769  0.00163633  0.0284942  0.0184501  
-0.000393146  -0.000633942  0.000237769  -0.00489674  0.0245037  -0.0244797  
-0.000639214  -0.000625513  0.000237769  0.000649076  0.028504  0.0151293  
-0.000873083  -0.000636902  -0.000318012  0.00350585  0.0331183  -0.00537241  
-0.000292558  -0.000540475  0.000237769  0.0183177  0.0284933  -0.00541881  
-0.000811486  -0.000540475  0.000237769  -0.0048999  0.0284942  0.0302259  
-0.00027838  -0.000540475  0.000237769  0.00715524  0.0285231  0.000127925  
-0.000327411  -0.000367928  -0.000225673  -0.00495018  0.0285073  0.0114753  
-0.000811486  -0.000206721  0.000237769  -0.00492601  0.036408  0.0325419  
0.000120113  -0.000413677  0.000237769  -0.00494215  0.0284674  -0.035134  
-0.000811486  -0.000413677  0.000237769  -0.00494215  0.0284943  0.0515585  
-0.00059963  -0.000563896  0.000237769  -0.00494361  0.0284922  -0.00525683  
-0.000408977  -0.00084549  0.000237769  -0.00495078  0.0284862  -0.0118946  
-0.000811486  -0.000799948  0.000237769  0.017867  0.0284942  0.0343347  
-0.000731263  -0.00075263  0.000237769  0.00817538  0.0284933  0.00571589  
-0.000155221  -0.000499931  0.000104579  0.00189022  0.0285191  0.0136652  
-0.000489997  -0.000614387  0.000237769  0.00921507  0.0285189  0.00565467  
-0.000811486  -0.000413677  0.000237769  -0.000396072  0.0284943  0.0239118  
-5.53107e-06  -0.000663677  0.000237769  0.0119247  0.0285682  0.00561326  
-0.000871188  -0.000571863  0.000237769  0.0157393  0.0284897  0.0381839  
-0.000716884  -0.000843484  7.55515e-05  0.0158307  0.0284877  -0.00157804  
-0.00060632  -0.000877955  6.11661e-05  0.01528  0.0131729  -0.0154722  
-0.000604993  -0.000712805  0.0001134  0.0113673  0.0284812  0.0223371  
-0.00062692  -0.000961109  8.20777e-05  0.0152959  0.0398313  0.011243  
2.76168e-05  -0.000648132  0.000128532  0.0173621  0.0254902  0.00405789  
-0.000671955  -0.000699534  0.000251988  0.0104233  0.0345497  0.0210812  
-0.000269033  -0.000623535  0.000110685  0.0139728  0.0345624  0.00408523  
-0.000453471  -0.000367202  0.000194666  0.00396223  0.0345562  0.00410328  
-0.000516571  -0.000453367  0.000438951  7.74839e-05  0.0390471  0.0253869  
